1 0.3466796875 0.470703125 0.0107421875 0.033203125
1 0.3564453125 0.5693359375 0.0166015625 0.1181640625
1 0.388671875 0.529296875 0.0400390625 0.0439453125
1 0.388671875 0.5859375 0.03515625 0.0458984375
1 0.43359375 0.5263671875 0.0439453125 0.0615234375
1 0.4375 0.5927734375 0.0341796875 0.0478515625
1 0.48046875 0.5224609375 0.037109375 0.0576171875
1 0.48046875 0.5888671875 0.037109375 0.0634765625
1 0.525390625 0.5087890625 0.0234375 0.037109375
1 0.5283203125 0.5634765625 0.0224609375 0.0341796875
1 0.4375 0.4375 0.0478515625 0.0703125
