0 0.56640625 0.6318359375 0.0234375 0.025390625
0 0.517578125 0.6611328125 0.021484375 0.021484375
0 0.5400390625 0.6904296875 0.0205078125 0.017578125
0 0.4912109375 0.6845703125 0.0126953125 0.0185546875
0 0.4794921875 0.71875 0.0185546875 0.017578125
0 0.4716796875 0.7099609375 0.015625 0.013671875
0 0.4345703125 0.744140625 0.0185546875 0.015625
0 0.3828125 0.71875 0.015625 0.013671875
0 0.380859375 0.69140625 0.0185546875 0.015625
0 0.37890625 0.6328125 0.0126953125 0.021484375
0 0.623046875 0.767578125 0.0185546875 0.021484375
0 0.640625 0.73046875 0.021484375 0.021484375
0 0.662109375 0.7197265625 0.0185546875 0.015625
0 0.6611328125 0.751953125 0.021484375 0.021484375
0 0.501953125 0.744140625 0.025390625 0.0185546875
