1 0.6533203125 0.447265625 0.017578125 0.029296875
1 0.64453125 0.541015625 0.017578125 0.12109375
1 0.6142578125 0.5048828125 0.03515625 0.044921875
1 0.61328125 0.55859375 0.03515625 0.04296875
1 0.56640625 0.5 0.04296875 0.0625
1 0.5625 0.564453125 0.0390625 0.05078125
1 0.521484375 0.4951171875 0.037109375 0.0390625
1 0.517578125 0.5537109375 0.03515625 0.052734375
1 0.4775390625 0.484375 0.02734375 0.03125
1 0.4736328125 0.5322265625 0.01953125 0.03515625
1 0.560546875 0.4111328125 0.046875 0.06640625
