1 0.3759765625 0.572265625 0.04296875 0.05078125
1 0.380859375 0.474609375 0.044921875 0.109375
1 0.4345703125 0.5166015625 0.0390625 0.03125
1 0.431640625 0.451171875 0.046875 0.087890625
1 0.46484375 0.5458984375 0.01953125 0.041015625
1 0.4853515625 0.5107421875 0.01953125 0.009765625
1 0.4765625 0.486328125 0.03515625 0.01953125
1 0.4697265625 0.4462890625 0.0234375 0.04296875
1 0.4970703125 0.54296875 0.0234375 0.05078125
1 0.50390625 0.4580078125 0.015625 0.0703125
1 0.5263671875 0.5283203125 0.0234375 0.068359375
1 0.5380859375 0.458984375 0.046875 0.05859375
1 0.5810546875 0.5166015625 0.037109375 0.125
1 0.5234375 0.6171875 0.029296875 0.05859375
1 0.482421875 0.623046875 0.037109375 0.0546875
1 0.4384765625 0.62109375 0.03125 0.0546875
