1 0.4189453125 0.6240234375 0.046875 0.04296875
1 0.515625 0.6181640625 0.10546875 0.046875
1 0.47265625 0.56640625 0.03125 0.041015625
1 0.5322265625 0.5673828125 0.072265625 0.044921875
1 0.443359375 0.533203125 0.046875 0.015625
1 0.4755859375 0.513671875 0.009765625 0.01953125
1 0.5009765625 0.5244140625 0.013671875 0.029296875
1 0.5419921875 0.5302734375 0.04296875 0.015625
1 0.4462890625 0.5009765625 0.0390625 0.01953125
1 0.5263671875 0.498046875 0.068359375 0.015625
1 0.4619140625 0.4736328125 0.0625 0.01953125
1 0.5322265625 0.4599609375 0.0546875 0.044921875
1 0.474609375 0.4189453125 0.12109375 0.03125
1 0.3671875 0.4755859375 0.0625 0.029296875
1 0.3720703125 0.517578125 0.0546875 0.03515625
1 0.3701171875 0.55859375 0.0625 0.0234375
