1 0.3740234375 0.392578125 0.0390625 0.046875
1 0.380859375 0.48828125 0.046875 0.107421875
1 0.43359375 0.4462890625 0.0361328125 0.02734375
1 0.431640625 0.50390625 0.0478515625 0.076171875
1 0.4658203125 0.41796875 0.0146484375 0.04296875
1 0.4853515625 0.44921875 0.0166015625 0.009765625
1 0.478515625 0.4716796875 0.033203125 0.017578125
1 0.4677734375 0.51171875 0.0146484375 0.0380859375
1 0.4970703125 0.4228515625 0.013671875 0.044921875
1 0.5029296875 0.498046875 0.0126953125 0.064453125
1 0.5263671875 0.4345703125 0.0205078125 0.0625
1 0.5283203125 0.50390625 0.02734375 0.048828125
1 0.552734375 0.5029296875 0.0166015625 0.048828125
1 0.5791015625 0.4501953125 0.03515625 0.126953125
1 0.521484375 0.345703125 0.0341796875 0.048828125
1 0.4794921875 0.3427734375 0.037109375 0.0224609375
1 0.439453125 0.3505859375 0.0263671875 0.0390625
