1 0.3505859375 0.4716796875 0.015625 0.037109375
1 0.357421875 0.5732421875 0.021484375 0.111328125
1 0.3876953125 0.529296875 0.03515625 0.037109375
1 0.388671875 0.5908203125 0.03125 0.05078125
1 0.43359375 0.517578125 0.041015625 0.05859375
1 0.435546875 0.5830078125 0.044921875 0.044921875
1 0.4833984375 0.5224609375 0.0390625 0.046875
1 0.4814453125 0.5830078125 0.03515625 0.060546875
1 0.525390625 0.5078125 0.02734375 0.033203125
1 0.529296875 0.5595703125 0.0078125 0.021484375
1 0.439453125 0.4296875 0.041015625 0.0625
