1 0.3759765625 0.4111328125 0.0400390625 0.052734375
1 0.3828125 0.501953125 0.04296875 0.0947265625
1 0.4326171875 0.4609375 0.0380859375 0.02734375
1 0.431640625 0.5205078125 0.0478515625 0.064453125
1 0.4677734375 0.4306640625 0.0146484375 0.0400390625
1 0.498046875 0.435546875 0.0185546875 0.0400390625
1 0.484375 0.4658203125 0.017578125 0.0146484375
1 0.482421875 0.4892578125 0.041015625 0.0224609375
1 0.4697265625 0.5263671875 0.0166015625 0.041015625
1 0.5 0.5263671875 0.015625 0.0400390625
1 0.52734375 0.4462890625 0.0234375 0.0712890625
1 0.5380859375 0.5224609375 0.0498046875 0.044921875
1 0.580078125 0.462890625 0.029296875 0.1171875
1 0.5244140625 0.361328125 0.037109375 0.0595703125
1 0.4814453125 0.3623046875 0.0341796875 0.044921875
1 0.4423828125 0.3583984375 0.0244140625 0.05078125
1 0.396484375 0.337890625 0.02734375 0.0126953125
