3 0.287109375 0.833984375 0.19140625 0.18359375
3 0.5029296875 0.8037109375 0.228515625 0.20703125
3 0.6884765625 0.796875 0.14453125 0.19921875
3 0.8408203125 0.73046875 0.171875 0.193359375
3 0.916015625 0.568359375 0.162109375 0.13671875
3 0.724609375 0.5888671875 0.220703125 0.1875
3 0.494140625 0.6064453125 0.224609375 0.16796875
3 0.5283203125 0.431640625 0.181640625 0.14453125
3 0.388671875 0.224609375 0.103515625 0.15234375
3 0.5517578125 0.205078125 0.22265625 0.125
3 0.7353515625 0.24609375 0.15234375 0.171875
3 0.8330078125 0.390625 0.125 0.146484375
3 0.6826171875 0.4189453125 0.10546875 0.13671875
