1 0.5537109375 0.3466796875 0.025390625 0.015625
1 0.4599609375 0.357421875 0.12109375 0.01953125
1 0.4912109375 0.384765625 0.041015625 0.03515625
1 0.443359375 0.38671875 0.04296875 0.033203125
1 0.501953125 0.431640625 0.05859375 0.04296875
1 0.4384765625 0.4345703125 0.048828125 0.04296875
1 0.5048828125 0.48046875 0.03515625 0.0390625
1 0.4482421875 0.4814453125 0.05859375 0.03515625
1 0.51953125 0.51953125 0.0390625 0.03125
1 0.46875 0.5263671875 0.029296875 0.015625
1 0.5908203125 0.4345703125 0.0546875 0.046875
