1 0.6259765625 0.392578125 0.04296875 0.046875
1 0.6201171875 0.4853515625 0.046875 0.103515625
1 0.564453125 0.4482421875 0.0390625 0.025390625
1 0.568359375 0.5029296875 0.048828125 0.0703125
1 0.5146484375 0.447265625 0.015625 0.0078125
1 0.5244140625 0.4736328125 0.03125 0.015625
1 0.53125 0.5126953125 0.013671875 0.04296875
1 0.5009765625 0.421875 0.015625 0.04296875
1 0.5341796875 0.41796875 0.017578125 0.041015625
1 0.4970703125 0.4951171875 0.01953125 0.06640625
1 0.4736328125 0.43359375 0.021484375 0.06640625
1 0.4736328125 0.501953125 0.0234375 0.052734375
1 0.4462890625 0.501953125 0.015625 0.0625
1 0.4189453125 0.4462890625 0.029296875 0.11328125
1 0.4755859375 0.3447265625 0.033203125 0.046875
1 0.5185546875 0.349609375 0.04296875 0.0390625
1 0.560546875 0.3525390625 0.025390625 0.041015625
