0 0.681640625 0.7890625 0.029296875 0.029296875
0 0.6943359375 0.8291015625 0.0234375 0.025390625
0 0.640625 0.466796875 0.03125 0.037109375
0 0.6494140625 0.619140625 0.02734375 0.03125
0 0.650390625 0.669921875 0.03515625 0.02734375
0 0.748046875 0.66015625 0.02734375 0.01953125
0 0.5830078125 0.416015625 0.021484375 0.01953125
0 0.6015625 0.111328125 0.02734375 0.03125
0 0.5751953125 0.0986328125 0.01953125 0.02734375
0 0.529296875 0.578125 0.02734375 0.0234375
0 0.58203125 0.587890625 0.029296875 0.01953125
0 0.583984375 0.6376953125 0.021484375 0.033203125
0 0.5537109375 0.6962890625 0.02734375 0.021484375
