1 0.6044921875 0.625 0.044921875 0.0390625
1 0.5126953125 0.62109375 0.10546875 0.044921875
1 0.55078125 0.56640625 0.03515625 0.037109375
1 0.494140625 0.5693359375 0.0703125 0.048828125
1 0.58203125 0.533203125 0.046875 0.017578125
1 0.5478515625 0.515625 0.0078125 0.015625
1 0.5244140625 0.5224609375 0.0234375 0.03125
1 0.484375 0.53125 0.044921875 0.015625
1 0.578125 0.501953125 0.044921875 0.017578125
1 0.4951171875 0.4970703125 0.076171875 0.017578125
1 0.56640625 0.47265625 0.06640625 0.025390625
1 0.4921875 0.4716796875 0.0546875 0.0234375
1 0.490234375 0.447265625 0.0546875 0.015625
1 0.5517578125 0.41796875 0.1171875 0.03125
1 0.6484375 0.4755859375 0.052734375 0.033203125
1 0.646484375 0.517578125 0.03515625 0.03515625
1 0.650390625 0.5595703125 0.046875 0.025390625
