1 0.375 0.392578125 0.0458984375 0.0380859375
1 0.380859375 0.4853515625 0.0478515625 0.099609375
1 0.43359375 0.447265625 0.0400390625 0.0283203125
1 0.4306640625 0.501953125 0.044921875 0.068359375
1 0.4833984375 0.44921875 0.015625 0.0166015625
1 0.478515625 0.474609375 0.0361328125 0.0234375
1 0.4697265625 0.513671875 0.0185546875 0.044921875
1 0.4970703125 0.4189453125 0.017578125 0.0400390625
1 0.466796875 0.4150390625 0.01953125 0.0439453125
1 0.5029296875 0.4990234375 0.0146484375 0.0625
1 0.5263671875 0.4345703125 0.0224609375 0.0556640625
1 0.5283203125 0.5068359375 0.0283203125 0.044921875
1 0.5537109375 0.505859375 0.017578125 0.044921875
1 0.58203125 0.4443359375 0.0419921875 0.1162109375
1 0.525390625 0.3564453125 0.0302734375 0.0322265625
1 0.4775390625 0.34765625 0.029296875 0.025390625
