0 0.2802734375 0.4365234375 0.017578125 0.021484375
0 0.2587890625 0.4423828125 0.015625 0.021484375
0 0.2724609375 0.466796875 0.01953125 0.021484375
0 0.271484375 0.302734375 0.01171875 0.015625
0 0.294921875 0.2607421875 0.0234375 0.02734375
0 0.275390625 0.2568359375 0.015625 0.01953125
0 0.26171875 0.1669921875 0.015625 0.01953125
0 0.27734375 0.1630859375 0.017578125 0.01953125
0 0.330078125 0.1591796875 0.021484375 0.021484375
0 0.3271484375 0.1787109375 0.015625 0.01953125
0 0.2626953125 0.2041015625 0.01171875 0.015625
0 0.3203125 0.2822265625 0.015625 0.01953125
0 0.3408203125 0.298828125 0.021484375 0.03515625
0 0.517578125 0.6865234375 0.01953125 0.02734375
0 0.513671875 0.6552734375 0.01171875 0.01953125
0 0.4892578125 0.66796875 0.015625 0.01953125
0 0.4755859375 0.6728515625 0.015625 0.025390625
0 0.484375 0.703125 0.013671875 0.021484375
0 0.5029296875 0.7626953125 0.01171875 0.013671875
0 0.46875 0.703125 0.009765625 0.017578125
0 0.458984375 0.716796875 0.01171875 0.017578125
0 0.4375 0.71875 0.015625 0.01953125
0 0.4375 0.6943359375 0.015625 0.01953125
0 0.4521484375 0.6787109375 0.015625 0.021484375
0 0.4375 0.6708984375 0.01953125 0.015625
0 0.458984375 0.794921875 0.01171875 0.01171875
0 0.5322265625 0.802734375 0.01171875 0.01171875
0 0.5244140625 0.779296875 0.015625 0.025390625
0 0.498046875 0.7978515625 0.01953125 0.015625
0 0.4755859375 0.77734375 0.017578125 0.02734375
0 0.46875 0.814453125 0.013671875 0.01953125
0 0.279296875 0.390625 0.021484375 0.0234375
0 0.2666015625 0.4072265625 0.0234375 0.021484375
0 0.236328125 0.4423828125 0.01953125 0.021484375
