0 0.583984375 0.6123046875 0.046875 0.03125
0 0.615234375 0.5546875 0.0390625 0.021484375
0 0.5361328125 0.529296875 0.041015625 0.025390625
0 0.5673828125 0.498046875 0.0361328125 0.0205078125
0 0.611328125 0.4638671875 0.037109375 0.025390625
0 0.7158203125 0.458984375 0.03125 0.0185546875
0 0.69921875 0.3759765625 0.03125 0.0205078125
0 0.5927734375 0.318359375 0.0576171875 0.0283203125
0 0.462890625 0.33984375 0.0439453125 0.025390625
0 0.541015625 0.4296875 0.03125 0.0205078125
0 0.61328125 0.251953125 0.0341796875 0.0263671875
0 0.330078125 0.27734375 0.0390625 0.015625
0 0.224609375 0.20703125 0.037109375 0.0263671875
0 0.2138671875 0.1884765625 0.0263671875 0.0205078125
0 0.224609375 0.1640625 0.0263671875 0.021484375
0 0.3134765625 0.162109375 0.033203125 0.017578125
0 0.318359375 0.2080078125 0.033203125 0.025390625
0 0.453125 0.2080078125 0.0498046875 0.025390625
0 0.560546875 0.2529296875 0.0283203125 0.0185546875
0 0.587890625 0.1962890625 0.029296875 0.0185546875
0 0.666015625 0.2080078125 0.033203125 0.0185546875
0 0.708984375 0.177734375 0.0361328125 0.025390625
0 0.654296875 0.16796875 0.0390625 0.0185546875
0 0.619140625 0.150390625 0.0283203125 0.0185546875
0 0.619140625 0.1279296875 0.025390625 0.015625
0 0.6572265625 0.1083984375 0.033203125 0.015625
0 0.7431640625 0.0908203125 0.033203125 0.017578125
0 0.7666015625 0.111328125 0.033203125 0.0185546875
0 0.693359375 0.27734375 0.033203125 0.017578125
