1 0.6044921875 0.373046875 0.044921875 0.0390625
1 0.5078125 0.37890625 0.099609375 0.046875
1 0.5498046875 0.4345703125 0.03515625 0.0390625
1 0.4921875 0.4306640625 0.072265625 0.04296875
1 0.544921875 0.4814453125 0.015625 0.01953125
1 0.521484375 0.474609375 0.015625 0.03515625
1 0.48046875 0.46875 0.0390625 0.015625
1 0.5791015625 0.4677734375 0.0390625 0.015625
1 0.572265625 0.498046875 0.0390625 0.015625
1 0.49609375 0.5048828125 0.076171875 0.015625
1 0.5615234375 0.5263671875 0.0625 0.01953125
1 0.4912109375 0.52734375 0.046875 0.02734375
1 0.4892578125 0.5537109375 0.041015625 0.017578125
1 0.5517578125 0.5810546875 0.11328125 0.02734375
1 0.642578125 0.525390625 0.03125 0.02734375
1 0.65625 0.4814453125 0.015625 0.03515625
1 0.650390625 0.4404296875 0.0390625 0.0234375
