0 0.4990234375 0.189453125 0.025390625 0.017578125
0 0.4931640625 0.2421875 0.01953125 0.017578125
0 0.53125 0.2861328125 0.01953125 0.015625
0 0.521484375 0.337890625 0.015625 0.01171875
0 0.4921875 0.330078125 0.01953125 0.01171875
0 0.498046875 0.384765625 0.021484375 0.015625
0 0.513671875 0.435546875 0.01953125 0.013671875
0 0.5341796875 0.509765625 0.013671875 0.01171875
0 0.4951171875 0.556640625 0.01953125 0.015625
0 0.5498046875 0.1328125 0.01953125 0.01171875
0 0.580078125 0.1767578125 0.01171875 0.01171875
0 0.5751953125 0.23046875 0.017578125 0.013671875
0 0.4560546875 0.2958984375 0.01171875 0.01171875
0 0.447265625 0.3466796875 0.01953125 0.01953125
0 0.494140625 0.48046875 0.021484375 0.013671875
0 0.447265625 0.48828125 0.01171875 0.01171875
0 0.48046875 0.4443359375 0.015625 0.01171875
0 0.556640625 0.326171875 0.015625 0.01171875
0 0.498046875 0.744140625 0.017578125 0.017578125
0 0.4765625 0.71484375 0.015625 0.009765625
0 0.482421875 0.68359375 0.017578125 0.017578125
0 0.419921875 0.7177734375 0.01171875 0.01171875
0 0.4365234375 0.7626953125 0.017578125 0.01171875
0 0.498046875 0.78125 0.017578125 0.013671875
0 0.4462890625 0.8125 0.01953125 0.01171875
0 0.494140625 0.830078125 0.021484375 0.015625
0 0.4521484375 0.8603515625 0.01171875 0.01171875
0 0.4560546875 0.138671875 0.015625 0.01171875
0 0.5556640625 0.3720703125 0.015625 0.01171875
0 0.55859375 0.41796875 0.015625 0.01171875
0 0.513671875 0.650390625 0.01953125 0.015625
0 0.5234375 0.7919921875 0.01171875 0.01171875
