1 0.3740234375 0.3955078125 0.04296875 0.0390625
1 0.37890625 0.48828125 0.046875 0.09765625
1 0.4345703125 0.447265625 0.044921875 0.037109375
1 0.431640625 0.5029296875 0.05078125 0.078125
1 0.4638671875 0.4169921875 0.01953125 0.04296875
1 0.484375 0.4482421875 0.017578125 0.009765625
1 0.4755859375 0.4736328125 0.03125 0.01953125
1 0.4677734375 0.5107421875 0.01953125 0.044921875
1 0.498046875 0.4169921875 0.017578125 0.03515625
1 0.50390625 0.4931640625 0.015625 0.080078125
1 0.5263671875 0.4306640625 0.0234375 0.0625
1 0.5283203125 0.5087890625 0.025390625 0.044921875
1 0.5517578125 0.5078125 0.015625 0.05078125
1 0.5810546875 0.453125 0.03515625 0.12890625
1 0.5234375 0.3486328125 0.0390625 0.05078125
1 0.4833984375 0.3515625 0.037109375 0.0390625
1 0.4384765625 0.3564453125 0.015625 0.02734375
