1 0.3759765625 0.42578125 0.0439453125 0.05078125
1 0.380859375 0.5146484375 0.0458984375 0.1083984375
1 0.43359375 0.4765625 0.0380859375 0.0302734375
1 0.4306640625 0.5380859375 0.044921875 0.076171875
1 0.4658203125 0.4482421875 0.013671875 0.0458984375
1 0.484375 0.4814453125 0.015625 0.013671875
1 0.498046875 0.455078125 0.01953125 0.0439453125
1 0.4755859375 0.5078125 0.0322265625 0.015625
1 0.470703125 0.5458984375 0.01953125 0.04296875
1 0.5029296875 0.5302734375 0.015625 0.0712890625
1 0.525390625 0.4638671875 0.021484375 0.0625
1 0.5380859375 0.5341796875 0.0478515625 0.0556640625
1 0.5810546875 0.4736328125 0.0341796875 0.119140625
1 0.5244140625 0.3759765625 0.03515625 0.0546875
1 0.4814453125 0.3720703125 0.0400390625 0.0595703125
1 0.439453125 0.375 0.025390625 0.056640625
