1 0.376953125 0.5986328125 0.04296875 0.05078125
1 0.3818359375 0.50390625 0.046875 0.1015625
1 0.4365234375 0.54296875 0.037109375 0.037109375
1 0.43359375 0.486328125 0.046875 0.078125
1 0.466796875 0.5703125 0.015625 0.0390625
1 0.4833984375 0.5390625 0.0234375 0.01953125
1 0.484375 0.5166015625 0.04296875 0.021484375
1 0.4697265625 0.4765625 0.01953125 0.04296875
1 0.529296875 0.48046875 0.06640625 0.04296875
1 0.5 0.5712890625 0.0234375 0.04296875
1 0.5263671875 0.5537109375 0.0234375 0.064453125
1 0.5810546875 0.54296875 0.033203125 0.125
1 0.525390625 0.6435546875 0.02734375 0.0390625
1 0.48046875 0.6474609375 0.0390625 0.05078125
1 0.4404296875 0.6494140625 0.02734375 0.0546875
1 0.396484375 0.669921875 0.017578125 0.017578125
