1 0.6259765625 0.4248046875 0.037109375 0.044921875
1 0.619140625 0.5146484375 0.046875 0.09765625
1 0.568359375 0.517578125 0.046875 0.109375
1 0.5341796875 0.451171875 0.01171875 0.037109375
1 0.515625 0.4794921875 0.013671875 0.01171875
1 0.5029296875 0.4541015625 0.015625 0.041015625
1 0.5234375 0.50390625 0.03125 0.02734375
1 0.5302734375 0.544921875 0.01171875 0.04296875
1 0.498046875 0.529296875 0.01171875 0.06640625
1 0.47265625 0.4658203125 0.01953125 0.05859375
1 0.4609375 0.5390625 0.046875 0.048828125
1 0.4208984375 0.4794921875 0.03515625 0.12109375
1 0.4775390625 0.3759765625 0.02734375 0.056640625
1 0.51953125 0.3740234375 0.041015625 0.05859375
1 0.5576171875 0.373046875 0.02734375 0.05859375
