1 0.3740234375 0.41015625 0.0439453125 0.046875
1 0.3798828125 0.5 0.0498046875 0.1005859375
1 0.4345703125 0.462890625 0.0380859375 0.0341796875
1 0.431640625 0.5234375 0.04296875 0.07421875
1 0.46484375 0.435546875 0.0185546875 0.0361328125
1 0.498046875 0.439453125 0.015625 0.0498046875
1 0.482421875 0.4658203125 0.0126953125 0.0087890625
1 0.4833984375 0.4921875 0.046875 0.015625
1 0.46875 0.5302734375 0.017578125 0.044921875
1 0.52734375 0.52734375 0.060546875 0.0390625
1 0.52734375 0.44921875 0.0205078125 0.0673828125
1 0.58203125 0.4638671875 0.03125 0.119140625
1 0.439453125 0.357421875 0.025390625 0.060546875
1 0.4794921875 0.3564453125 0.04296875 0.056640625
1 0.5224609375 0.36328125 0.03515625 0.056640625
