1 0.3466796875 0.4423828125 0.0146484375 0.037109375
1 0.35546875 0.548828125 0.017578125 0.111328125
1 0.384765625 0.50390625 0.0322265625 0.0390625
1 0.3896484375 0.5595703125 0.03125 0.0439453125
1 0.43359375 0.4990234375 0.04296875 0.0537109375
1 0.4375 0.5654296875 0.04296875 0.0498046875
1 0.478515625 0.4970703125 0.037109375 0.04296875
1 0.482421875 0.5546875 0.033203125 0.0517578125
1 0.5205078125 0.486328125 0.029296875 0.0400390625
1 0.525390625 0.5439453125 0.021484375 0.037109375
1 0.4375 0.412109375 0.044921875 0.0556640625
