0 0.3798828125 0.607421875 0.03125 0.02734375
0 0.4541015625 0.6376953125 0.02734375 0.025390625
0 0.583984375 0.732421875 0.0234375 0.0234375
0 0.59375 0.755859375 0.02734375 0.01953125
0 0.62890625 0.771484375 0.02734375 0.01953125
0 0.671875 0.7890625 0.03515625 0.02734375
0 0.716796875 0.7744140625 0.03515625 0.01953125
0 0.7119140625 0.7158203125 0.025390625 0.029296875
0 0.73046875 0.6533203125 0.025390625 0.021484375
0 0.837890625 0.62109375 0.03125 0.01953125
0 0.857421875 0.587890625 0.021484375 0.01953125
0 0.8818359375 0.658203125 0.029296875 0.021484375
0 0.8330078125 0.7001953125 0.02734375 0.03125
0 0.8330078125 0.75390625 0.025390625 0.02734375
0 0.8271484375 0.7880859375 0.0390625 0.02734375
0 0.763671875 0.8076171875 0.03515625 0.03515625
0 0.55078125 0.8056640625 0.03125 0.025390625
0 0.5478515625 0.75 0.03125 0.025390625
0 0.6015625 0.8798828125 0.029296875 0.02734375
0 0.66796875 0.2060546875 0.01953125 0.0234375
0 0.603515625 0.2080078125 0.03515625 0.021484375
0 0.6875 0.208984375 0.021484375 0.021484375
0 0.8330078125 0.2412109375 0.03125 0.021484375
0 0.8798828125 0.24609375 0.03515625 0.02734375
0 0.595703125 0.330078125 0.037109375 0.021484375
0 0.189453125 0.6904296875 0.02734375 0.0234375
0 0.240234375 0.701171875 0.029296875 0.02734375
0 0.275390625 0.7900390625 0.029296875 0.03515625
