1 0.544921875 0.3466796875 0.02734375 0.009765625
1 0.44140625 0.3564453125 0.125 0.017578125
1 0.4814453125 0.384765625 0.03515625 0.03515625
1 0.4296875 0.388671875 0.041015625 0.03515625
1 0.4912109375 0.43359375 0.0625 0.04296875
1 0.427734375 0.4365234375 0.052734375 0.0390625
1 0.490234375 0.4775390625 0.03515625 0.03515625
1 0.4375 0.48046875 0.046875 0.03515625
1 0.50390625 0.5263671875 0.0390625 0.01953125
1 0.4560546875 0.5283203125 0.025390625 0.01171875
1 0.5830078125 0.4375 0.0625 0.041015625
