0 0.3515625 0.5693359375 0.01953125 0.021484375
0 0.404296875 0.5107421875 0.021484375 0.037109375
0 0.4609375 0.537109375 0.02734375 0.037109375
0 0.44921875 0.6455078125 0.015625 0.02734375
0 0.435546875 0.61328125 0.021484375 0.025390625
0 0.49609375 0.599609375 0.021484375 0.03515625
0 0.5009765625 0.4208984375 0.02734375 0.025390625
0 0.443359375 0.3505859375 0.02734375 0.021484375
0 0.576171875 0.3193359375 0.02734375 0.037109375
0 0.4970703125 0.349609375 0.02734375 0.02734375
0 0.3173828125 0.54296875 0.0234375 0.03125
0 0.2744140625 0.509765625 0.025390625 0.03515625
0 0.294921875 0.494140625 0.025390625 0.03125
0 0.361328125 0.40625 0.017578125 0.03125
0 0.3828125 0.603515625 0.017578125 0.037109375
0 0.484375 0.681640625 0.025390625 0.029296875
0 0.630859375 0.478515625 0.021484375 0.0234375
0 0.650390625 0.451171875 0.01953125 0.021484375
0 0.6171875 0.587890625 0.01953125 0.025390625
0 0.609375 0.6298828125 0.015625 0.02734375
0 0.6162109375 0.66015625 0.01171875 0.02734375
0 0.6396484375 0.6630859375 0.017578125 0.017578125
