1 0.3466796875 0.4560546875 0.0068359375 0.0263671875
1 0.3564453125 0.55859375 0.017578125 0.1162109375
1 0.38671875 0.515625 0.0380859375 0.0458984375
1 0.3876953125 0.568359375 0.0400390625 0.0380859375
1 0.43359375 0.5068359375 0.04296875 0.05078125
1 0.435546875 0.5791015625 0.0380859375 0.0458984375
1 0.4814453125 0.5048828125 0.03515625 0.0537109375
1 0.482421875 0.56640625 0.033203125 0.056640625
1 0.5263671875 0.49609375 0.025390625 0.0322265625
1 0.52734375 0.544921875 0.013671875 0.0283203125
1 0.4365234375 0.419921875 0.044921875 0.064453125
