0 0.515625 0.2275390625 0.029296875 0.01953125
0 0.6884765625 0.244140625 0.02734375 0.013671875
0 0.482421875 0.2802734375 0.025390625 0.017578125
0 0.48046875 0.302734375 0.01953125 0.01953125
0 0.5009765625 0.314453125 0.02734375 0.01953125
0 0.599609375 0.314453125 0.017578125 0.017578125
0 0.599609375 0.3701171875 0.025390625 0.01171875
0 0.556640625 0.376953125 0.02734375 0.015625
0 0.5546875 0.392578125 0.0234375 0.01171875
0 0.580078125 0.4482421875 0.01953125 0.015625
0 0.5166015625 0.494140625 0.021484375 0.015625
0 0.46875 0.505859375 0.02734375 0.013671875
0 0.5478515625 0.548828125 0.0234375 0.017578125
0 0.494140625 0.5703125 0.021484375 0.015625
0 0.494140625 0.591796875 0.02734375 0.01953125
0 0.54296875 0.634765625 0.021484375 0.01953125
0 0.5830078125 0.681640625 0.025390625 0.01171875
