1 0.47265625 0.650390625 0.03515625 0.0078125
1 0.5703125 0.6435546875 0.12890625 0.0234375
1 0.521484375 0.6142578125 0.05078125 0.03515625
1 0.58203125 0.611328125 0.0546875 0.03125
1 0.5205078125 0.564453125 0.0546875 0.046875
1 0.5888671875 0.5615234375 0.044921875 0.0390625
1 0.5234375 0.5205078125 0.04296875 0.03515625
1 0.580078125 0.5185546875 0.05078125 0.03125
1 0.5009765625 0.474609375 0.04296875 0.015625
1 0.5615234375 0.4736328125 0.03515625 0.015625
1 0.4345703125 0.5615234375 0.05859375 0.04296875
