1 0.3759765625 0.41015625 0.0419921875 0.0537109375
1 0.380859375 0.501953125 0.0439453125 0.10546875
1 0.4306640625 0.5048828125 0.0498046875 0.1064453125
1 0.4658203125 0.435546875 0.0146484375 0.0439453125
1 0.4833984375 0.4677734375 0.021484375 0.015625
1 0.482421875 0.4951171875 0.0439453125 0.01953125
1 0.4697265625 0.5341796875 0.0166015625 0.0400390625
1 0.5048828125 0.53125 0.013671875 0.046875
1 0.498046875 0.4384765625 0.0185546875 0.0419921875
1 0.5283203125 0.455078125 0.0224609375 0.0625
1 0.5380859375 0.525390625 0.046875 0.05078125
1 0.5810546875 0.4658203125 0.03515625 0.1201171875
1 0.521484375 0.3662109375 0.0341796875 0.056640625
1 0.4794921875 0.3603515625 0.041015625 0.056640625
1 0.4404296875 0.3623046875 0.02734375 0.0556640625
