1 0.34765625 0.455078125 0.0087890625 0.029296875
1 0.357421875 0.55078125 0.0205078125 0.119140625
1 0.3857421875 0.5205078125 0.0341796875 0.041015625
1 0.392578125 0.5703125 0.0341796875 0.0478515625
1 0.4345703125 0.509765625 0.0439453125 0.0595703125
1 0.4365234375 0.5712890625 0.0341796875 0.0546875
1 0.4814453125 0.5126953125 0.03515625 0.0361328125
1 0.482421875 0.56640625 0.037109375 0.0556640625
1 0.5234375 0.484375 0.025390625 0.046875
1 0.529296875 0.5458984375 0.017578125 0.037109375
1 0.4365234375 0.4208984375 0.0439453125 0.0654296875
