1 0.4287109375 0.37890625 0.052734375 0.044921875
1 0.51953125 0.3828125 0.10546875 0.044921875
1 0.4814453125 0.435546875 0.03125 0.0390625
1 0.5380859375 0.43359375 0.07421875 0.046875
1 0.4521484375 0.46484375 0.04296875 0.01171875
1 0.4814453125 0.484375 0.01171875 0.017578125
1 0.509765625 0.4775390625 0.01953125 0.03125
1 0.5498046875 0.46875 0.046875 0.015625
1 0.455078125 0.498046875 0.046875 0.015625
1 0.5263671875 0.501953125 0.0546875 0.015625
1 0.466796875 0.5263671875 0.06640625 0.01953125
1 0.5419921875 0.5400390625 0.0546875 0.04296875
1 0.48046875 0.580078125 0.125 0.033203125
1 0.3779296875 0.5244140625 0.0546875 0.03125
1 0.3759765625 0.48046875 0.05859375 0.0390625
1 0.373046875 0.4404296875 0.05859375 0.025390625
