1 0.525390625 0.62109375 0.171875 0.05078125
1 0.4921875 0.568359375 0.107421875 0.044921875
1 0.5654296875 0.533203125 0.04296875 0.01171875
1 0.53125 0.515625 0.01171875 0.01953125
1 0.5078125 0.5224609375 0.015625 0.03125
1 0.4677734375 0.5302734375 0.0390625 0.017578125
1 0.55859375 0.5009765625 0.0390625 0.015625
1 0.4814453125 0.49609375 0.072265625 0.015625
1 0.546875 0.4736328125 0.0625 0.021484375
1 0.474609375 0.4609375 0.05859375 0.046875
1 0.5341796875 0.41796875 0.12109375 0.033203125
1 0.638671875 0.4765625 0.052734375 0.03125
1 0.638671875 0.51953125 0.052734375 0.0390625
1 0.638671875 0.55859375 0.056640625 0.02734375
