1 0.4482421875 0.345703125 0.03515625 0.01171875
1 0.5478515625 0.3583984375 0.11328125 0.015625
1 0.5029296875 0.384765625 0.03515625 0.03515625
1 0.556640625 0.390625 0.04296875 0.03515625
1 0.5009765625 0.43359375 0.0546875 0.04296875
1 0.5654296875 0.4365234375 0.052734375 0.04296875
1 0.498046875 0.4794921875 0.041015625 0.033203125
1 0.5556640625 0.4814453125 0.05859375 0.037109375
1 0.482421875 0.5205078125 0.0390625 0.03125
1 0.529296875 0.529296875 0.02734375 0.0234375
1 0.4111328125 0.4384765625 0.0625 0.046875
