4 0.85 0.677142857421875 0.902380951171875 0.56571428515625 0.766666666015625 0.56428571484375 0.732142857421875 0.672857142578125 0.85 0.677142857421875
4 0.847619048828125 0.55428571484375 0.890476189453125 0.44 0.76190476171875 0.44571428515625 0.734523810546875 0.551428572265625 0.847619048828125 0.55428571484375
4 0.81071428515625 0.428571427734375 0.8488095234375 0.33571428515625 0.732142857421875 0.331428572265625 0.703571427734375 0.438571427734375 0.81071428515625 0.428571427734375
4 0.5761904765625 0.308571427734375 0.584523810546875 0.22428571484375 0.480952380859375 0.22 0.466666666015625 0.30428571484375 0.5761904765625 0.308571427734375
4 0.579761904296875 0.417142857421875 0.594047619140625 0.32428571484375 0.472619048828125 0.317142857421875 0.471428572265625 0.407142857421875 0.579761904296875 0.417142857421875
4 0.595238095703125 0.54428571484375 0.61309523828125 0.428571427734375 0.482142857421875 0.42428571484375 0.482142857421875 0.538571427734375 0.595238095703125 0.54428571484375
4 0.58809523828125 0.67571428515625 0.608333333984375 0.57 0.46309523828125 0.561428572265625 0.46428571484375 0.67 0.58809523828125 0.67571428515625
4 0.3238095234375 0.658571427734375 0.305952380859375 0.547142857421875 0.16190476171875 0.558571427734375 0.197619048828125 0.661428572265625 0.3238095234375 0.658571427734375
4 0.353571427734375 0.531428572265625 0.341666666015625 0.418571427734375 0.21428571484375 0.428571427734375 0.233333333984375 0.531428572265625 0.353571427734375 0.531428572265625
4 0.347619048828125 0.41428571484375 0.33809523828125 0.311428572265625 0.205952380859375 0.297142857421875 0.230952380859375 0.418571427734375 0.347619048828125 0.41428571484375
4 0.11309523828125 0.397142857421875 0.08571428515625 0.292857142578125 0.0011904765625 0.292857142578125 0.016666666015625 0.397142857421875 0.11309523828125 0.397142857421875
4 0 0.518571427734375 0.1 0.517142857421875 0.065476189453125 0.42 0.06428571484375 0.41428571484375 0 0.411428572265625 0 0.518571427734375
4 0.055952380859375 0.652857142578125 0.01326373046875 0.5450121328125 0 0.647142857421875 0.055952380859375 0.652857142578125
4 0.995238095703125 0.25 0.934523810546875 0.25 0.892857142578125 0.368571427734375 0.98809523828125 0.362857142578125 0.995238095703125 0.25
