1 0.4443359375 0.654296875 0.017578125 0.01171875
1 0.5390625 0.6435546875 0.123046875 0.01953125
1 0.4990234375 0.6142578125 0.03125 0.033203125
1 0.5556640625 0.6103515625 0.05078125 0.03125
1 0.4951171875 0.56640625 0.0546875 0.041015625
1 0.564453125 0.5634765625 0.05078125 0.04296875
1 0.4931640625 0.5205078125 0.03125 0.037109375
1 0.5478515625 0.51953125 0.05078125 0.03515625
1 0.482421875 0.478515625 0.0390625 0.01953125
1 0.53515625 0.4716796875 0.0234375 0.015625
1 0.4111328125 0.5634765625 0.048828125 0.04296875
