1 0.619140625 0.525390625 0.05078125 0.171875
1 0.5654296875 0.5341796875 0.0390625 0.0390625
1 0.568359375 0.470703125 0.046875 0.07421875
1 0.5341796875 0.5595703125 0.015625 0.04296875
1 0.513671875 0.5283203125 0.01953125 0.0078125
1 0.501953125 0.55859375 0.015625 0.0390625
1 0.5224609375 0.50390625 0.02734375 0.0234375
1 0.53125 0.4599609375 0.015625 0.0390625
1 0.49609375 0.4736328125 0.013671875 0.076171875
1 0.47265625 0.5458984375 0.01953125 0.060546875
1 0.4609375 0.47265625 0.046875 0.0546875
1 0.419921875 0.529296875 0.0390625 0.1171875
1 0.4775390625 0.630859375 0.03515625 0.046875
1 0.521484375 0.6337890625 0.0390625 0.05078125
1 0.560546875 0.6337890625 0.02734375 0.0546875
