1 0.3486328125 0.4384765625 0.01171875 0.0234375
1 0.35546875 0.5380859375 0.0185546875 0.1220703125
1 0.3857421875 0.4990234375 0.03515625 0.0390625
1 0.388671875 0.5498046875 0.0322265625 0.0498046875
1 0.4345703125 0.4970703125 0.04296875 0.052734375
1 0.4375 0.5615234375 0.0400390625 0.0458984375
1 0.478515625 0.490234375 0.037109375 0.041015625
1 0.4833984375 0.5556640625 0.0400390625 0.0634765625
1 0.5244140625 0.478515625 0.0263671875 0.0419921875
1 0.5244140625 0.529296875 0.0146484375 0.0302734375
1 0.4384765625 0.408203125 0.044921875 0.0498046875
