1 0.3759765625 0.376953125 0.04296875 0.05078125
1 0.3798828125 0.4775390625 0.046875 0.103515625
1 0.4326171875 0.4794921875 0.046875 0.1015625
1 0.484375 0.4375 0.0234375 0.01953125
1 0.484375 0.4619140625 0.044921875 0.0234375
1 0.46875 0.5029296875 0.01953125 0.04296875
1 0.5029296875 0.5087890625 0.01953125 0.05078125
1 0.5361328125 0.498046875 0.046875 0.0390625
1 0.5263671875 0.4228515625 0.02734375 0.06640625
1 0.49609375 0.41015625 0.01953125 0.03515625
1 0.5830078125 0.4345703125 0.03515625 0.12109375
1 0.521484375 0.3505859375 0.037109375 0.01953125
1 0.4638671875 0.4169921875 0.015625 0.015625
1 0.478515625 0.3359375 0.03515625 0.021484375
