4 0.585034013671875 0.20006613671875 0.687074830078125 0.197585978515625 0.698979591796875 0.09011243359375 0.561224490234375 0.10499338671875 0.561224490234375 0.15542328125 0.619047619140625 0.15294312109375 0.619047619140625 0.161210318359375 0.518707482421875 0.16782407421875 0.585034013671875 0.20006613671875
4 0.62414966015625 0.020667990234375 0.51020408203125 0.046296296875 0.562925169921875 0.087632275390625 0.697278912109375 0.07523148046875 0.62414966015625 0.020667990234375
4 0.61054421875 0.02645502734375 0.484693876953125 0.052910052734375 0.493197279296875 0.15542328125 0.6156462578125 0.145502646484375 0.61054421875 0.02645502734375
4 0.370748298828125 0.149636244140625 0.312925169921875 0.1636904765625 0.474489796875 0.15542328125 0.428571427734375 0.12979497265625 0.370748298828125 0.149636244140625
4 0.44217687109375 0.20667989453125 0.57823129296875 0.202546296875 0.5459183671875 0.186838625 0.44217687109375 0.20667989453125
4 0.698979591796875 0.307539681640625 0.452380953125 0.325727513671875 0.457482994140625 0.4059193125 0.632653060546875 0.407572751953125 0.641156462890625 0.416666666015625 0.562925169921875 0.419146826171875 0.687074830078125 0.419146826171875 0.698979591796875 0.307539681640625
4 0.41836734765625 0.296792328125 0.460884353515625 0.303406083984375 0.678571427734375 0.301752646484375 0.617346939453125 0.27777777734375 0.41836734765625 0.296792328125
4 0.452380953125 0.614252646484375 0.707482994140625 0.630787037109375 0.7057823125 0.52000661328125 0.452380953125 0.52662037109375 0.452380953125 0.614252646484375
4 0.44217687109375 0.602678572265625 0.32993197265625 0.63740079296875 0.62755101953125 0.649801587890625 0.658163265625 0.63740079296875 0.44217687109375 0.602678572265625
4 0.37244898046875 0.720899470703125 0.6377551015625 0.751488095703125 0.698979591796875 0.7258597890625 0.440476189453125 0.715939154296875 0.37244898046875 0.720899470703125
4 0.710884353515625 0.829199736328125 0.7040816328125 0.724206349609375 0.4540816328125 0.7184193125 0.460884353515625 0.732473544921875 0.636054421875 0.75479497265625 0.46598639453125 0.7572751328125 0.469387755859375 0.8052248671875 0.710884353515625 0.829199736328125
4 0.46428571484375 0.833333333984375 0.403061224609375 0.85565476171875 0.62414966015625 0.885416666015625 0.6598639453125 0.841600529296875 0.46428571484375 0.833333333984375
4 0.62244898046875 0.881283068359375 0.619047619140625 0.76223544921875 0.31632653125 0.75396825390625 0.33163265234375 0.85565476171875 0.62244898046875 0.881283068359375
