1 0.3466796875 0.44140625 0.0107421875 0.0283203125
1 0.3564453125 0.5361328125 0.021484375 0.1298828125
1 0.384765625 0.5048828125 0.0341796875 0.0390625
1 0.390625 0.5556640625 0.0380859375 0.046875
1 0.43359375 0.4970703125 0.044921875 0.05859375
1 0.4375 0.564453125 0.0390625 0.0546875
1 0.4794921875 0.4951171875 0.03515625 0.0400390625
1 0.4814453125 0.5546875 0.0361328125 0.0615234375
1 0.5234375 0.484375 0.0205078125 0.03125
1 0.5283203125 0.5322265625 0.0185546875 0.02734375
1 0.439453125 0.4091796875 0.0478515625 0.05859375
