1 0.3740234375 0.396484375 0.044921875 0.046875
1 0.3798828125 0.490234375 0.0498046875 0.1015625
1 0.43359375 0.4501953125 0.0380859375 0.037109375
1 0.4306640625 0.509765625 0.044921875 0.080078125
1 0.4658203125 0.419921875 0.013671875 0.044921875
1 0.484375 0.4501953125 0.015625 0.0185546875
1 0.4833984375 0.4775390625 0.044921875 0.0224609375
1 0.46875 0.5166015625 0.0166015625 0.0361328125
1 0.50390625 0.515625 0.013671875 0.04296875
1 0.498046875 0.419921875 0.0146484375 0.0439453125
1 0.52734375 0.4365234375 0.025390625 0.0576171875
1 0.5283203125 0.50390625 0.02734375 0.0546875
1 0.552734375 0.509765625 0.013671875 0.04296875
1 0.580078125 0.4501953125 0.0380859375 0.1201171875
1 0.5244140625 0.3486328125 0.0341796875 0.0595703125
1 0.4833984375 0.3505859375 0.0341796875 0.0419921875
1 0.4375 0.349609375 0.0224609375 0.0517578125
