1 0.3486328125 0.4599609375 0.013671875 0.0361328125
1 0.3544921875 0.5537109375 0.017578125 0.1171875
1 0.3837890625 0.5185546875 0.0380859375 0.044921875
1 0.3857421875 0.5703125 0.0380859375 0.0439453125
1 0.4326171875 0.509765625 0.0439453125 0.0556640625
1 0.4375 0.5751953125 0.041015625 0.044921875
1 0.4794921875 0.51171875 0.0361328125 0.041015625
1 0.482421875 0.56640625 0.0341796875 0.052734375
1 0.5244140625 0.49609375 0.0224609375 0.0361328125
1 0.52734375 0.5498046875 0.017578125 0.0263671875
1 0.4345703125 0.4208984375 0.0419921875 0.060546875
