1 0.6552734375 0.560546875 0.015625 0.02734375
1 0.6455078125 0.494140625 0.015625 0.01953125
1 0.642578125 0.435546875 0.015625 0.064453125
1 0.6162109375 0.4931640625 0.03125 0.03125
1 0.6142578125 0.4462890625 0.02734375 0.04296875
1 0.56640625 0.5078125 0.04296875 0.056640625
1 0.5625 0.44140625 0.04296875 0.046875
1 0.51953125 0.5078125 0.03515625 0.0390625
1 0.517578125 0.4482421875 0.03515625 0.056640625
1 0.4794921875 0.5234375 0.029296875 0.046875
1 0.4794921875 0.46484375 0.0234375 0.037109375
