0 0.708984375 0.466796875 0.037109375 0.046875
0 0.748046875 0.5400390625 0.046875 0.05078125
0 0.6494140625 0.62109375 0.0390625 0.04296875
0 0.67578125 0.8349609375 0.04296875 0.04296875
0 0.6416015625 0.84375 0.037109375 0.04296875
0 0.611328125 0.546875 0.03515625 0.041015625
0 0.6533203125 0.544921875 0.041015625 0.04296875
0 0.599609375 0.587890625 0.04296875 0.04296875
0 0.5791015625 0.623046875 0.044921875 0.046875
0 0.59375 0.669921875 0.048828125 0.037109375
0 0.470703125 0.9716796875 0.041015625 0.044921875
0 0.5283203125 0.7392578125 0.046875 0.048828125
0 0.4990234375 0.6806640625 0.046875 0.048828125
0 0.4345703125 0.6552734375 0.044921875 0.048828125
0 0.3984375 0.646484375 0.04296875 0.056640625
0 0.2900390625 0.349609375 0.037109375 0.0625
0 0.330078125 0.029296875 0.05078125 0.046875
0 0.119140625 0.205078125 0.05859375 0.05078125
0 0.16796875 0.470703125 0.03515625 0.02734375
0 0.1923828125 0.41015625 0.041015625 0.041015625
0 0.162109375 0.5751953125 0.041015625 0.037109375
0 0.14453125 0.6181640625 0.04296875 0.03515625
0 0.0947265625 0.634765625 0.04296875 0.041015625
0 0.08203125 0.6044921875 0.03125 0.03125
0 0.146484375 0.7802734375 0.05078125 0.064453125
0 0.09375 0.740234375 0.046875 0.05078125
0 0.0244140625 0.72265625 0.048828125 0.05078125
0 0.048828125 0.935546875 0.05078125 0.037109375
