1 0.3759765625 0.4130859375 0.0439453125 0.052734375
1 0.3798828125 0.501953125 0.0478515625 0.095703125
1 0.435546875 0.4638671875 0.0361328125 0.029296875
1 0.43359375 0.52734375 0.0478515625 0.0771484375
1 0.4658203125 0.431640625 0.01171875 0.044921875
1 0.4990234375 0.439453125 0.015625 0.037109375
1 0.4814453125 0.466796875 0.01953125 0.0166015625
1 0.4755859375 0.4931640625 0.029296875 0.0185546875
1 0.46875 0.53125 0.0166015625 0.037109375
1 0.501953125 0.521484375 0.013671875 0.0810546875
1 0.5263671875 0.4541015625 0.0224609375 0.0625
1 0.5380859375 0.5244140625 0.0478515625 0.0439453125
1 0.58203125 0.4638671875 0.03515625 0.1201171875
1 0.5234375 0.3623046875 0.03515625 0.0546875
1 0.4814453125 0.3583984375 0.03515625 0.0517578125
1 0.439453125 0.36328125 0.0234375 0.0478515625
