1 0.34765625 0.4599609375 0.0107421875 0.0283203125
1 0.35546875 0.5546875 0.0185546875 0.1171875
1 0.3828125 0.5146484375 0.037109375 0.0439453125
1 0.3876953125 0.5703125 0.03125 0.044921875
1 0.431640625 0.509765625 0.0419921875 0.05859375
1 0.439453125 0.5771484375 0.04296875 0.0458984375
1 0.4794921875 0.5087890625 0.03515625 0.04296875
1 0.482421875 0.564453125 0.0341796875 0.044921875
1 0.5224609375 0.4951171875 0.0205078125 0.0361328125
1 0.525390625 0.5498046875 0.0166015625 0.0263671875
1 0.4375 0.419921875 0.046875 0.0654296875
