1 0.5810546875 0.3759765625 0.05078125 0.044921875
1 0.4873046875 0.3818359375 0.1015625 0.046875
1 0.5263671875 0.435546875 0.029296875 0.037109375
1 0.4638671875 0.4326171875 0.078125 0.04296875
1 0.5595703125 0.4658203125 0.04296875 0.01171875
1 0.525390625 0.4833984375 0.015625 0.01953125
1 0.4970703125 0.4775390625 0.021484375 0.02734375
1 0.4580078125 0.4697265625 0.04296875 0.01953125
1 0.546875 0.4970703125 0.046875 0.01171875
1 0.470703125 0.505859375 0.072265625 0.01953125
1 0.5400390625 0.52734375 0.0625 0.0234375
1 0.46875 0.5380859375 0.05078125 0.04296875
1 0.5302734375 0.5791015625 0.1171875 0.03515625
1 0.6298828125 0.5224609375 0.0546875 0.03125
1 0.6298828125 0.478515625 0.05859375 0.0390625
1 0.6298828125 0.4375 0.05859375 0.029296875
