1 0.3486328125 0.5400390625 0.01171875 0.029296875
1 0.357421875 0.4443359375 0.01953125 0.123046875
1 0.384765625 0.4853515625 0.037109375 0.046875
1 0.388671875 0.427734375 0.037109375 0.04296875
1 0.435546875 0.490234375 0.044921875 0.052734375
1 0.4384765625 0.427734375 0.03515625 0.04296875
1 0.4814453125 0.4912109375 0.03515625 0.04296875
1 0.4814453125 0.43359375 0.037109375 0.052734375
1 0.5244140625 0.5087890625 0.025390625 0.029296875
1 0.52734375 0.455078125 0.013671875 0.0390625
1 0.435546875 0.5771484375 0.05078125 0.06640625
