1 0.607421875 0.625 0.0390625 0.046875
1 0.5146484375 0.619140625 0.099609375 0.046875
1 0.552734375 0.56640625 0.02734375 0.0390625
1 0.498046875 0.5693359375 0.068359375 0.044921875
1 0.55078125 0.5166015625 0.015625 0.015625
1 0.525390625 0.521484375 0.0234375 0.03515625
1 0.486328125 0.5302734375 0.044921875 0.01953125
1 0.5810546875 0.5029296875 0.0390625 0.017578125
1 0.5849609375 0.533203125 0.04296875 0.01953125
1 0.5009765625 0.4970703125 0.0625 0.015625
1 0.5654296875 0.4736328125 0.0546875 0.0234375
1 0.4931640625 0.4716796875 0.044921875 0.02734375
1 0.494140625 0.4462890625 0.044921875 0.017578125
1 0.5556640625 0.41796875 0.1171875 0.04296875
1 0.6435546875 0.474609375 0.03125 0.03125
1 0.65234375 0.5224609375 0.025390625 0.029296875
