1 0.3720703125 0.3984375 0.037109375 0.0439453125
1 0.3818359375 0.4873046875 0.046875 0.0908203125
1 0.4345703125 0.4501953125 0.04296875 0.02734375
1 0.4306640625 0.501953125 0.048828125 0.0654296875
1 0.4833984375 0.4521484375 0.0166015625 0.017578125
1 0.4833984375 0.478515625 0.0419921875 0.025390625
1 0.46875 0.5166015625 0.017578125 0.041015625
1 0.501953125 0.5146484375 0.0126953125 0.037109375
1 0.4970703125 0.421875 0.017578125 0.0380859375
1 0.4638671875 0.4208984375 0.0126953125 0.04296875
1 0.5244140625 0.4375 0.021484375 0.05859375
1 0.52734375 0.5087890625 0.021484375 0.0478515625
1 0.552734375 0.5146484375 0.013671875 0.0419921875
1 0.5810546875 0.447265625 0.029296875 0.109375
1 0.5234375 0.3671875 0.02734375 0.015625
