4 0.50301151171875 0.398562927734375 0.572042935546875 0.32999791015625 0.537527224609375 0.326526251953125 0.509523912109375 0.3595069140625 0.50301151171875 0.398562927734375
4 0.364297388671875 0.453241310546875 0.41965280859375 0.4705995390625 0.4160180078125 0.408637380859375 0.36364616015625 0.42373230859375 0.364297388671875 0.453241310546875
4 0.298828125 0.5546875 0.021484375 0.033203125
4 0.3408203125 0.4658203125 0.02734375 0.0546875
4 0.4462890625 0.490234375 0.02734375 0.048828125
4 0.431762654296875 0.513995177734375 0.45195112109375 0.56086234375 0.461068451171875 0.546107875 0.4382750546875 0.507051861328125 0.431762654296875 0.513995177734375
4 0.451171875 0.40234375 0.033203125 0.033203125
4 0.189453125 0.6572265625 0.03125 0.0546875
4 0.2116477265625 0.23863636328125 0.24573863671875 0.2741477265625 0.2585227265625 0.251420455078125 0.201704544921875 0.203125 0.17613636328125 0.220170455078125 0.188920455078125 0.24715908984375 0.2116477265625 0.23863636328125
4 0.23153408984375 0.295454544921875 0.19176136328125 0.34375 0.20596591015625 0.389204544921875 0.24715908984375 0.322443181640625 0.23153408984375 0.295454544921875
