1 0.375 0.396484375 0.0439453125 0.0498046875
1 0.3798828125 0.4921875 0.0478515625 0.10546875
1 0.4345703125 0.44921875 0.037109375 0.029296875
1 0.431640625 0.5078125 0.0478515625 0.0810546875
1 0.4833984375 0.4501953125 0.021484375 0.021484375
1 0.4755859375 0.4755859375 0.0283203125 0.021484375
1 0.4697265625 0.515625 0.0166015625 0.0400390625
1 0.4658203125 0.4208984375 0.0166015625 0.044921875
1 0.498046875 0.4228515625 0.017578125 0.0322265625
1 0.5029296875 0.5029296875 0.0166015625 0.07421875
1 0.529296875 0.4375 0.025390625 0.07421875
1 0.52734375 0.51171875 0.0263671875 0.044921875
1 0.5517578125 0.5126953125 0.013671875 0.0390625
1 0.580078125 0.447265625 0.0302734375 0.119140625
1 0.5234375 0.357421875 0.0322265625 0.04296875
1 0.4833984375 0.349609375 0.0380859375 0.0390625
1 0.4404296875 0.3525390625 0.0244140625 0.03515625
