0 0.8095703125 0.693359375 0.025390625 0.025390625
0 0.7724609375 0.7353515625 0.021484375 0.021484375
0 0.6787109375 0.7294921875 0.02734375 0.02734375
0 0.7333984375 0.6103515625 0.021484375 0.03125
0 0.787109375 0.6279296875 0.025390625 0.021484375
0 0.666015625 0.59765625 0.021484375 0.021484375
0 0.677734375 0.564453125 0.01953125 0.021484375
0 0.6435546875 0.556640625 0.015625 0.015625
0 0.490234375 0.5107421875 0.02734375 0.025390625
0 0.25 0.341796875 0.025390625 0.021484375
0 0.1611328125 0.298828125 0.03125 0.02734375
0 0.19921875 0.427734375 0.02734375 0.03515625
0 0.2216796875 0.830078125 0.021484375 0.029296875
0 0.296875 0.3095703125 0.01953125 0.0234375
