0 0.689453125 0.5556640625 0.0283203125 0.0283203125
0 0.6279296875 0.529296875 0.015625 0.017578125
0 0.5908203125 0.482421875 0.0234375 0.029296875
0 0.580078125 0.5146484375 0.0185546875 0.021484375
0 0.5830078125 0.5400390625 0.0205078125 0.021484375
0 0.5537109375 0.501953125 0.025390625 0.025390625
0 0.4716796875 0.5126953125 0.0185546875 0.0185546875
0 0.576171875 0.6455078125 0.0185546875 0.0185546875
0 0.525390625 0.5107421875 0.0185546875 0.021484375
0 0.5341796875 0.48828125 0.0185546875 0.017578125
