0 0.197265625 0.6337890625 0.015625 0.021484375
0 0.236328125 0.654296875 0.015625 0.021484375
0 0.2431640625 0.689453125 0.017578125 0.021484375
0 0.1796875 0.552734375 0.01171875 0.015625
0 0.2119140625 0.529296875 0.015625 0.021484375
0 0.2138671875 0.3955078125 0.01953125 0.021484375
0 0.162109375 0.4541015625 0.01953125 0.021484375
0 0.1650390625 0.474609375 0.021484375 0.02734375
0 0.18359375 0.501953125 0.015625 0.015625
0 0.189453125 0.4814453125 0.015625 0.017578125
0 0.2001953125 0.4677734375 0.021484375 0.021484375
0 0.1875 0.453125 0.021484375 0.017578125
0 0.189453125 0.435546875 0.015625 0.01953125
0 0.1748046875 0.41796875 0.015625 0.021484375
0 0.1640625 0.4013671875 0.01171875 0.009765625
0 0.166015625 0.388671875 0.013671875 0.01171875
0 0.1572265625 0.3740234375 0.025390625 0.015625
0 0.1484375 0.3876953125 0.013671875 0.01171875
0 0.4599609375 0.4033203125 0.01953125 0.01953125
0 0.447265625 0.4140625 0.01171875 0.015625
0 0.4599609375 0.380859375 0.013671875 0.01953125
0 0.4423828125 0.330078125 0.015625 0.02734375
0 0.451171875 0.361328125 0.009765625 0.015625
0 0.4599609375 0.427734375 0.01171875 0.015625
0 0.4736328125 0.4375 0.015625 0.01953125
0 0.4609375 0.4482421875 0.01171875 0.01953125
0 0.470703125 0.4560546875 0.013671875 0.01171875
0 0.4462890625 0.4990234375 0.009765625 0.013671875
0 0.4521484375 0.517578125 0.01171875 0.013671875
0 0.455078125 0.5390625 0.01171875 0.017578125
0 0.455078125 0.5927734375 0.01171875 0.015625
0 0.4560546875 0.578125 0.01171875 0.01171875
0 0.451171875 0.6142578125 0.01171875 0.013671875
0 0.4501953125 0.6318359375 0.015625 0.01953125
0 0.4169921875 0.2607421875 0.01171875 0.009765625
0 0.4765625 0.296875 0.01171875 0.01171875
0 0.447265625 0.28125 0.013671875 0.017578125
0 0.4189453125 0.2314453125 0.01171875 0.015625
0 0.4287109375 0.216796875 0.009765625 0.009765625
0 0.42578125 0.1982421875 0.013671875 0.01953125
0 0.556640625 0.298828125 0.015625 0.01171875
0 0.578125 0.296875 0.015625 0.01953125
0 0.5615234375 0.28515625 0.013671875 0.013671875
0 0.576171875 0.24609375 0.01171875 0.017578125
0 0.546875 0.2177734375 0.01171875 0.015625
0 0.556640625 0.201171875 0.015625 0.015625
0 0.501953125 0.244140625 0.013671875 0.01171875
0 0.4833984375 0.19921875 0.01953125 0.01953125
0 0.4609375 0.203125 0.015625 0.017578125
0 0.453125 0.1865234375 0.01171875 0.015625
0 0.498046875 0.224609375 0.009765625 0.0078125
0 0.498046875 0.2109375 0.009765625 0.01171875
0 0.5009765625 0.1923828125 0.013671875 0.01171875
0 0.5185546875 0.216796875 0.009765625 0.01171875
