1 0.3740234375 0.5859375 0.0390625 0.046875
1 0.3818359375 0.4970703125 0.046875 0.10546875
1 0.4365234375 0.5341796875 0.0390625 0.033203125
1 0.431640625 0.4765625 0.046875 0.0625
1 0.4677734375 0.56640625 0.017578125 0.046875
1 0.4833984375 0.5322265625 0.015625 0.0078125
1 0.4853515625 0.5048828125 0.04296875 0.0234375
1 0.46875 0.46875 0.015625 0.037109375
1 0.5009765625 0.470703125 0.017578125 0.03125
1 0.49609375 0.5595703125 0.015625 0.044921875
1 0.5283203125 0.546875 0.01953125 0.0625
1 0.5380859375 0.4755859375 0.046875 0.041015625
1 0.580078125 0.5302734375 0.033203125 0.1328125
1 0.525390625 0.6357421875 0.033203125 0.056640625
1 0.4814453125 0.6328125 0.041015625 0.0546875
1 0.44140625 0.6376953125 0.02734375 0.05859375
1 0.396484375 0.6640625 0.021484375 0.01953125
