1 0.654296875 0.44140625 0.01171875 0.02734375
1 0.64453125 0.5400390625 0.015625 0.123046875
1 0.6162109375 0.5 0.0390625 0.04296875
1 0.6142578125 0.5556640625 0.03515625 0.04296875
1 0.5673828125 0.498046875 0.05078125 0.0546875
1 0.5654296875 0.5615234375 0.04296875 0.05078125
1 0.5205078125 0.4970703125 0.03515625 0.046875
1 0.5185546875 0.5546875 0.03515625 0.05078125
1 0.478515625 0.4814453125 0.02734375 0.03515625
1 0.47265625 0.533203125 0.015625 0.02734375
1 0.5625 0.4111328125 0.04296875 0.0625
