0 0.4169921875 0.369140625 0.021484375 0.021484375
0 0.4033203125 0.4130859375 0.0185546875 0.0205078125
0 0.357421875 0.396484375 0.015625 0.013671875
0 0.380859375 0.4443359375 0.015625 0.015625
0 0.40234375 0.4462890625 0.0126953125 0.013671875
0 0.419921875 0.552734375 0.015625 0.015625
0 0.375 0.490234375 0.0126953125 0.015625
0 0.3515625 0.44140625 0.015625 0.015625
0 0.40625 0.474609375 0.015625 0.015625
0 0.392578125 0.5498046875 0.0126953125 0.009765625
0 0.35546875 0.5224609375 0.0185546875 0.015625
0 0.33203125 0.5458984375 0.0185546875 0.015625
0 0.365234375 0.5712890625 0.017578125 0.013671875
0 0.423828125 0.5712890625 0.015625 0.0107421875
0 0.3486328125 0.595703125 0.015625 0.0126953125
0 0.4013671875 0.6103515625 0.015625 0.0126953125
0 0.4150390625 0.435546875 0.015625 0.015625
