1 0.376953125 0.4228515625 0.04296875 0.0439453125
1 0.380859375 0.5107421875 0.044921875 0.107421875
1 0.4326171875 0.4765625 0.0400390625 0.0322265625
1 0.4326171875 0.5341796875 0.044921875 0.068359375
1 0.482421875 0.478515625 0.0205078125 0.0126953125
1 0.466796875 0.451171875 0.01171875 0.0439453125
1 0.4990234375 0.4501953125 0.017578125 0.033203125
1 0.4775390625 0.5048828125 0.0341796875 0.017578125
1 0.4697265625 0.5439453125 0.015625 0.044921875
1 0.501953125 0.52734375 0.01171875 0.078125
1 0.5263671875 0.4638671875 0.0263671875 0.0625
1 0.537109375 0.533203125 0.0458984375 0.05859375
1 0.580078125 0.474609375 0.037109375 0.126953125
1 0.521484375 0.3720703125 0.0322265625 0.0595703125
1 0.482421875 0.3759765625 0.0400390625 0.0478515625
1 0.4384765625 0.373046875 0.0224609375 0.052734375
