0 0.8564453125 0.2861328125 0.046875 0.029296875
0 0.826171875 0.326171875 0.0390625 0.021484375
0 0.759765625 0.283203125 0.021484375 0.0234375
0 0.6513671875 0.3076171875 0.0234375 0.01953125
0 0.6884765625 0.345703125 0.02734375 0.013671875
0 0.771484375 0.3125 0.021484375 0.015625
0 0.751953125 0.3271484375 0.025390625 0.017578125
0 0.8828125 0.376953125 0.01953125 0.013671875
0 0.9072265625 0.3876953125 0.017578125 0.01171875
0 0.880859375 0.4052734375 0.01953125 0.01171875
0 0.90625 0.4140625 0.021484375 0.01171875
0 0.87890625 0.4404296875 0.01953125 0.01171875
0 0.8642578125 0.458984375 0.01953125 0.015625
0 0.884765625 0.4560546875 0.015625 0.01171875
0 0.791015625 0.4951171875 0.025390625 0.01953125
0 0.8046875 0.5048828125 0.025390625 0.01953125
0 0.6806640625 0.3935546875 0.01953125 0.015625
0 0.681640625 0.4443359375 0.015625 0.013671875
0 0.646484375 0.4560546875 0.0234375 0.015625
0 0.712890625 0.5068359375 0.01953125 0.013671875
0 0.7177734375 0.544921875 0.021484375 0.015625
0 0.8125 0.626953125 0.02734375 0.021484375
0 0.7705078125 0.6328125 0.02734375 0.015625
0 0.8310546875 0.6044921875 0.02734375 0.015625
0 0.595703125 0.501953125 0.0234375 0.017578125
0 0.6005859375 0.427734375 0.0234375 0.01953125
0 0.6005859375 0.40234375 0.021484375 0.021484375
0 0.6064453125 0.310546875 0.01953125 0.021484375
0 0.646484375 0.2021484375 0.02734375 0.01953125
0 0.6669921875 0.5908203125 0.01953125 0.01953125
0 0.6005859375 0.544921875 0.01953125 0.015625
0 0.5927734375 0.556640625 0.025390625 0.01171875
0 0.611328125 0.62109375 0.021484375 0.01953125
0 0.619140625 0.650390625 0.021484375 0.01171875
0 0.6240234375 0.693359375 0.01171875 0.009765625
0 0.740234375 0.732421875 0.025390625 0.013671875
0 0.771484375 0.7392578125 0.021484375 0.017578125
0 0.826171875 0.6962890625 0.021484375 0.01953125
0 0.7626953125 0.7705078125 0.03125 0.01953125
0 0.708984375 0.80078125 0.02734375 0.01953125
0 0.787109375 0.7841796875 0.03125 0.01953125
0 0.6171875 0.7314453125 0.02734375 0.025390625
0 0.580078125 0.693359375 0.01953125 0.01953125
0 0.6533203125 0.748046875 0.0234375 0.01953125
0 0.345703125 0.3056640625 0.037109375 0.02734375
0 0.291015625 0.2314453125 0.025390625 0.0234375
0 0.23828125 0.251953125 0.02734375 0.021484375
0 0.228515625 0.2685546875 0.0234375 0.015625
0 0.1953125 0.203125 0.03125 0.021484375
0 0.3388671875 0.1953125 0.0234375 0.017578125
0 0.298828125 0.1474609375 0.02734375 0.0234375
0 0.37109375 0.189453125 0.02734375 0.01953125
0 0.3974609375 0.181640625 0.025390625 0.013671875
0 0.431640625 0.154296875 0.021484375 0.01953125
0 0.3994140625 0.259765625 0.021484375 0.015625
0 0.3837890625 0.3271484375 0.025390625 0.01953125
0 0.4140625 0.3134765625 0.025390625 0.017578125
0 0.4052734375 0.353515625 0.017578125 0.01953125
0 0.3798828125 0.3740234375 0.025390625 0.015625
0 0.38671875 0.388671875 0.02734375 0.017578125
0 0.3212890625 0.416015625 0.03515625 0.025390625
0 0.3017578125 0.4404296875 0.033203125 0.0234375
0 0.2255859375 0.453125 0.03125 0.01953125
0 0.1865234375 0.4658203125 0.025390625 0.01171875
0 0.1845703125 0.4814453125 0.021484375 0.015625
0 0.2138671875 0.50390625 0.02734375 0.021484375
0 0.2626953125 0.5185546875 0.029296875 0.015625
0 0.2314453125 0.537109375 0.02734375 0.01953125
0 0.3212890625 0.546875 0.0390625 0.015625
0 0.3046875 0.560546875 0.029296875 0.015625
0 0.162109375 0.5849609375 0.02734375 0.01953125
0 0.134765625 0.5244140625 0.021484375 0.021484375
0 0.099609375 0.509765625 0.02734375 0.015625
0 0.0986328125 0.537109375 0.01953125 0.021484375
0 0.107421875 0.4111328125 0.02734375 0.021484375
0 0.111328125 0.3232421875 0.02734375 0.02734375
0 0.1123046875 0.2294921875 0.029296875 0.021484375
0 0.267578125 0.1279296875 0.04296875 0.021484375
0 0.337890625 0.6298828125 0.021484375 0.015625
0 0.3779296875 0.580078125 0.03125 0.025390625
0 0.4208984375 0.490234375 0.025390625 0.01953125
0 0.3671875 0.48828125 0.02734375 0.015625
0 0.38671875 0.4892578125 0.021484375 0.015625
0 0.41015625 0.5576171875 0.02734375 0.0234375
0 0.41796875 0.580078125 0.02734375 0.01953125
0 0.4267578125 0.5986328125 0.02734375 0.015625
0 0.375 0.6220703125 0.021484375 0.021484375
0 0.3369140625 0.69140625 0.021484375 0.017578125
0 0.294921875 0.6875 0.02734375 0.025390625
0 0.28125 0.673828125 0.02734375 0.01953125
0 0.2109375 0.7314453125 0.017578125 0.01953125
0 0.18359375 0.75390625 0.02734375 0.01953125
0 0.1123046875 0.716796875 0.02734375 0.025390625
0 0.1142578125 0.669921875 0.0234375 0.02734375
0 0.212890625 0.78125 0.03125 0.01953125
0 0.1748046875 0.783203125 0.02734375 0.01171875
0 0.111328125 0.798828125 0.033203125 0.017578125
0 0.330078125 0.7861328125 0.037109375 0.02734375
0 0.3173828125 0.8017578125 0.02734375 0.01953125
0 0.3955078125 0.751953125 0.021484375 0.01953125
0 0.3359375 0.7197265625 0.03125 0.01953125
0 0.4111328125 0.720703125 0.01953125 0.01171875
0 0.4111328125 0.73828125 0.021484375 0.01171875
0 0.85546875 0.69921875 0.025390625 0.015625
0 0.8740234375 0.5791015625 0.025390625 0.015625
0 0.607421875 0.2119140625 0.025390625 0.021484375
0 0.6796875 0.2275390625 0.025390625 0.015625
0 0.6298828125 0.1103515625 0.03125 0.021484375
0 0.216796875 0.056640625 0.0234375 0.021484375
0 0.1220703125 0.095703125 0.029296875 0.021484375
0 0.3251953125 0.04296875 0.025390625 0.01953125
0 0.380859375 0.056640625 0.025390625 0.021484375
0 0.4033203125 0.052734375 0.025390625 0.01953125
0 0.392578125 0.0087890625 0.02734375 0.017578125
0 0.0849609375 0.1416015625 0.021484375 0.01953125
0 0.814453125 0.078125 0.025390625 0.01953125
0 0.890625 0.0986328125 0.03125 0.01953125
0 0.67578125 0.056640625 0.025390625 0.015625
0 0.75390625 0.861328125 0.03515625 0.02734375
0 0.75 0.833984375 0.03125 0.017578125
0 0.697265625 0.853515625 0.029296875 0.021484375
0 0.568359375 0.83984375 0.02734375 0.025390625
0 0.837890625 0.791015625 0.029296875 0.01953125
0 0.8408203125 0.83203125 0.021484375 0.01953125
0 0.326171875 0.900390625 0.029296875 0.0234375
0 0.3017578125 0.916015625 0.021484375 0.015625
0 0.2265625 0.9423828125 0.029296875 0.021484375
0 0.154296875 0.837890625 0.02734375 0.025390625
0 0.119140625 0.822265625 0.021484375 0.017578125
0 0.0986328125 0.861328125 0.0234375 0.015625
0 0.119140625 0.9091796875 0.03125 0.021484375
0 0.162109375 0.884765625 0.025390625 0.013671875
0 0.404296875 0.7998046875 0.033203125 0.021484375
0 0.369140625 0.802734375 0.02734375 0.015625
0 0.357421875 0.82421875 0.0234375 0.021484375
0 0.3720703125 0.8359375 0.02734375 0.025390625
0 0.40625 0.8662109375 0.029296875 0.01953125
0 0.7490234375 0.931640625 0.01953125 0.017578125
