1 0.412109375 0.3740234375 0.0546875 0.04296875
1 0.5029296875 0.380859375 0.09765625 0.048828125
1 0.4609375 0.4345703125 0.041015625 0.0390625
1 0.515625 0.4326171875 0.07421875 0.046875
1 0.431640625 0.4677734375 0.04296875 0.015625
1 0.4365234375 0.498046875 0.046875 0.01953125
1 0.4638671875 0.486328125 0.009765625 0.01953125
1 0.4912109375 0.484375 0.0234375 0.04296875
1 0.5302734375 0.4677734375 0.0390625 0.013671875
1 0.529296875 0.5283203125 0.04296875 0.06640625
1 0.4501953125 0.5283203125 0.0703125 0.0234375
1 0.4638671875 0.58203125 0.125 0.03515625
1 0.359375 0.525390625 0.0546875 0.03515625
1 0.359375 0.48046875 0.046875 0.04296875
1 0.3583984375 0.439453125 0.046875 0.029296875
