1 0.3486328125 0.4970703125 0.0087890625 0.029296875
1 0.359375 0.5986328125 0.0166015625 0.1240234375
1 0.388671875 0.5546875 0.0361328125 0.046875
1 0.3916015625 0.6103515625 0.0322265625 0.0439453125
1 0.43359375 0.544921875 0.0478515625 0.0625
1 0.4384765625 0.611328125 0.0361328125 0.044921875
1 0.4814453125 0.580078125 0.0380859375 0.0947265625
1 0.5244140625 0.5361328125 0.033203125 0.0380859375
1 0.5224609375 0.591796875 0.025390625 0.046875
1 0.439453125 0.46484375 0.0439453125 0.068359375
