1 0.345703125 0.4404296875 0.015625 0.0263671875
1 0.3544921875 0.5361328125 0.021484375 0.130859375
1 0.384765625 0.501953125 0.0341796875 0.04296875
1 0.3876953125 0.5556640625 0.03125 0.05859375
1 0.43359375 0.4951171875 0.0419921875 0.0537109375
1 0.4365234375 0.560546875 0.044921875 0.0537109375
1 0.48046875 0.4931640625 0.0361328125 0.0400390625
1 0.482421875 0.5556640625 0.0390625 0.0625
1 0.5205078125 0.4814453125 0.025390625 0.0380859375
1 0.521484375 0.5380859375 0.021484375 0.041015625
1 0.435546875 0.4052734375 0.0439453125 0.060546875
