1 0.5576171875 0.3466796875 0.0234375 0.015625
1 0.4619140625 0.357421875 0.1328125 0.015625
1 0.5 0.384765625 0.041015625 0.03515625
1 0.4404296875 0.3896484375 0.056640625 0.03515625
1 0.50390625 0.4345703125 0.05859375 0.046875
1 0.4365234375 0.4365234375 0.05078125 0.04296875
1 0.5078125 0.478515625 0.046875 0.037109375
1 0.447265625 0.482421875 0.056640625 0.03515625
1 0.5205078125 0.5205078125 0.0390625 0.03125
1 0.4638671875 0.5224609375 0.0390625 0.01953125
1 0.591796875 0.4365234375 0.05859375 0.04296875
