1 0.3466796875 0.447265625 0.017578125 0.029296875
1 0.35546875 0.541015625 0.017578125 0.12109375
1 0.3857421875 0.5048828125 0.0341796875 0.044921875
1 0.38671875 0.55859375 0.0361328125 0.04296875
1 0.43359375 0.5 0.04296875 0.0625
1 0.4375 0.564453125 0.0380859375 0.0498046875
1 0.478515625 0.4951171875 0.037109375 0.0380859375
1 0.482421875 0.5537109375 0.0361328125 0.052734375
1 0.5224609375 0.484375 0.02734375 0.03125
1 0.5263671875 0.5322265625 0.0205078125 0.0361328125
1 0.439453125 0.4111328125 0.0478515625 0.0654296875
