1 0.345703125 0.4423828125 0.0107421875 0.029296875
1 0.3544921875 0.541015625 0.0205078125 0.1201171875
1 0.3857421875 0.5048828125 0.0341796875 0.0458984375
1 0.384765625 0.5537109375 0.033203125 0.041015625
1 0.4345703125 0.4970703125 0.046875 0.0673828125
1 0.4345703125 0.5625 0.04296875 0.05078125
1 0.4794921875 0.498046875 0.033203125 0.0498046875
1 0.4814453125 0.5556640625 0.0361328125 0.0615234375
1 0.521484375 0.484375 0.0263671875 0.0380859375
1 0.52734375 0.5341796875 0.01953125 0.0361328125
1 0.439453125 0.4111328125 0.041015625 0.0615234375
