1 0.599609375 0.375 0.041015625 0.041015625
1 0.509765625 0.3828125 0.107421875 0.044921875
1 0.5458984375 0.4345703125 0.03125 0.037109375
1 0.494140625 0.431640625 0.06640625 0.046875
1 0.5771484375 0.4658203125 0.05078125 0.017578125
1 0.544921875 0.4833984375 0.01171875 0.01171875
1 0.517578125 0.4765625 0.0234375 0.03125
1 0.4775390625 0.46875 0.044921875 0.015625
1 0.5712890625 0.4970703125 0.04296875 0.015625
1 0.4912109375 0.5029296875 0.07421875 0.015625
1 0.560546875 0.52734375 0.0625 0.0234375
1 0.48828125 0.5302734375 0.05078125 0.02734375
1 0.484375 0.5556640625 0.044921875 0.01953125
1 0.5517578125 0.5810546875 0.109375 0.03125
1 0.6376953125 0.5244140625 0.0390625 0.03125
1 0.6533203125 0.478515625 0.017578125 0.03515625
1 0.640625 0.4384765625 0.03125 0.021484375
