0 0.3876953125 0.583984375 0.03125 0.046875
0 0.4453125 0.615234375 0.021484375 0.0390625
0 0.470703125 0.5361328125 0.025390625 0.041015625
0 0.501953125 0.5673828125 0.01953125 0.03515625
0 0.5361328125 0.611328125 0.025390625 0.037109375
0 0.541015625 0.7158203125 0.01953125 0.03125
0 0.6240234375 0.69921875 0.01953125 0.03125
0 0.681640625 0.5927734375 0.02734375 0.05859375
0 0.66015625 0.462890625 0.025390625 0.04296875
0 0.5703125 0.541015625 0.01953125 0.03125
0 0.748046875 0.61328125 0.02734375 0.03515625
0 0.72265625 0.330078125 0.015625 0.0390625
0 0.79296875 0.224609375 0.02734375 0.037109375
0 0.8115234375 0.2138671875 0.01953125 0.02734375
0 0.8359375 0.224609375 0.021484375 0.02734375
0 0.837890625 0.3134765625 0.017578125 0.033203125
0 0.7919921875 0.318359375 0.025390625 0.033203125
0 0.7919921875 0.453125 0.025390625 0.05078125
0 0.7470703125 0.560546875 0.01953125 0.02734375
0 0.8037109375 0.587890625 0.01953125 0.029296875
0 0.7919921875 0.666015625 0.01953125 0.033203125
0 0.822265625 0.708984375 0.025390625 0.03515625
0 0.83203125 0.654296875 0.01953125 0.0390625
0 0.849609375 0.619140625 0.01953125 0.02734375
0 0.8720703125 0.619140625 0.015625 0.025390625
0 0.8916015625 0.6572265625 0.015625 0.033203125
0 0.9091796875 0.7431640625 0.017578125 0.033203125
0 0.888671875 0.7666015625 0.01953125 0.033203125
0 0.72265625 0.693359375 0.017578125 0.033203125
