0 0.71875 0.490234375 0.015625 0.01953125
0 0.6875 0.52734375 0.015625 0.015625
0 0.6748046875 0.5087890625 0.01953125 0.01953125
0 0.6455078125 0.54296875 0.015625 0.025390625
0 0.607421875 0.5224609375 0.01953125 0.01953125
0 0.6025390625 0.548828125 0.013671875 0.01953125
0 0.568359375 0.5537109375 0.013671875 0.01953125
0 0.5830078125 0.57421875 0.015625 0.013671875
0 0.6123046875 0.576171875 0.01953125 0.01953125
0 0.673828125 0.544921875 0.01953125 0.021484375
0 0.7509765625 0.458984375 0.021484375 0.01953125
0 0.7021484375 0.330078125 0.021484375 0.01953125
