0 0.654296875 0.4755859375 0.041015625 0.056640625
0 0.689453125 0.455078125 0.0390625 0.05078125
0 0.7041015625 0.4013671875 0.041015625 0.04296875
0 0.7666015625 0.5322265625 0.041015625 0.052734375
0 0.7861328125 0.5625 0.03515625 0.056640625
0 0.595703125 0.4833984375 0.037109375 0.046875
0 0.587890625 0.423828125 0.037109375 0.048828125
0 0.6474609375 0.396484375 0.02734375 0.046875
0 0.658203125 0.4208984375 0.03515625 0.052734375
0 0.6865234375 0.287109375 0.03125 0.03515625
0 0.759765625 0.486328125 0.041015625 0.044921875
