1 0.375 0.5751953125 0.041015625 0.0546875
1 0.380859375 0.4833984375 0.048828125 0.09375
1 0.435546875 0.5224609375 0.0390625 0.033203125
1 0.431640625 0.4619140625 0.046875 0.07421875
1 0.466796875 0.5537109375 0.01953125 0.04296875
1 0.4833984375 0.521484375 0.017578125 0.01171875
1 0.4775390625 0.4931640625 0.02734375 0.015625
1 0.4697265625 0.4560546875 0.015625 0.0390625
1 0.5 0.5458984375 0.015625 0.044921875
1 0.50390625 0.46875 0.017578125 0.0625
1 0.52734375 0.533203125 0.0234375 0.0625
1 0.5400390625 0.4677734375 0.046875 0.05078125
1 0.580078125 0.5224609375 0.03515625 0.1171875
1 0.5244140625 0.6279296875 0.03515625 0.068359375
1 0.4794921875 0.6240234375 0.0390625 0.05078125
1 0.44140625 0.6259765625 0.02734375 0.05078125
