1 0.6533203125 0.447265625 0.017578125 0.02734375
1 0.64453125 0.5439453125 0.01953125 0.12890625
1 0.6171875 0.5078125 0.03515625 0.03515625
1 0.61328125 0.560546875 0.03515625 0.05078125
1 0.56640625 0.49609375 0.044921875 0.0625
1 0.564453125 0.5595703125 0.0390625 0.04296875
1 0.5185546875 0.49609375 0.0390625 0.0390625
1 0.51953125 0.5537109375 0.03515625 0.05078125
1 0.4765625 0.484375 0.0234375 0.03125
1 0.4736328125 0.533203125 0.0234375 0.02734375
1 0.5625 0.4072265625 0.041015625 0.0625
