1 0.49609375 0.650390625 0.02734375 0.017578125
1 0.587890625 0.6416015625 0.125 0.015625
1 0.5537109375 0.6123046875 0.048828125 0.0390625
1 0.6103515625 0.611328125 0.0546875 0.0390625
1 0.5458984375 0.5634765625 0.05859375 0.04296875
1 0.6162109375 0.5625 0.0546875 0.0390625
1 0.5458984375 0.517578125 0.048828125 0.03515625
1 0.6015625 0.513671875 0.0546875 0.03515625
1 0.53515625 0.4794921875 0.0390625 0.02734375
1 0.5888671875 0.4775390625 0.046875 0.02734375
1 0.4541015625 0.560546875 0.0625 0.041015625
