1 0.6259765625 0.427734375 0.03515625 0.0546875
1 0.6171875 0.521484375 0.04296875 0.09765625
1 0.5654296875 0.48046875 0.0390625 0.03125
1 0.568359375 0.5400390625 0.04296875 0.06640625
1 0.5341796875 0.453125 0.01171875 0.03515625
1 0.5146484375 0.486328125 0.01171875 0.017578125
1 0.5234375 0.5107421875 0.029296875 0.01953125
1 0.53125 0.5498046875 0.015625 0.03515625
1 0.501953125 0.458984375 0.013671875 0.046875
1 0.4990234375 0.53125 0.013671875 0.0625
1 0.47265625 0.4716796875 0.021484375 0.064453125
1 0.458984375 0.5419921875 0.046875 0.046875
1 0.4208984375 0.4814453125 0.03125 0.119140625
1 0.4765625 0.3818359375 0.03515625 0.05078125
1 0.5185546875 0.37890625 0.0390625 0.046875
1 0.5634765625 0.375 0.03125 0.0546875
