0 0.328125 0.4873046875 0.021484375 0.021484375
0 0.2998046875 0.46875 0.01953125 0.01953125
0 0.3349609375 0.466796875 0.021484375 0.021484375
0 0.361328125 0.5029296875 0.0234375 0.021484375
0 0.326171875 0.513671875 0.01953125 0.01953125
0 0.3427734375 0.5654296875 0.025390625 0.03125
0 0.3935546875 0.517578125 0.025390625 0.021484375
0 0.4228515625 0.5244140625 0.01953125 0.021484375
0 0.478515625 0.505859375 0.02734375 0.01953125
0 0.5078125 0.5263671875 0.025390625 0.02734375
0 0.568359375 0.5576171875 0.02734375 0.01953125
0 0.5390625 0.55859375 0.021484375 0.021484375
0 0.56640625 0.537109375 0.015625 0.013671875
0 0.4267578125 0.494140625 0.021484375 0.01953125
