0 0.4521484375 0.498046875 0.0439453125 0.0361328125
0 0.5986328125 0.486328125 0.041015625 0.03125
0 0.5947265625 0.373046875 0.046875 0.037109375
0 0.4541015625 0.384765625 0.046875 0.0341796875
0 0.884765625 0.458984375 0.0341796875 0.03125
0 0.9892578125 0.498046875 0.021484375 0.03125
0 0.1484375 0.4990234375 0.037109375 0.037109375
0 0.2021484375 0.50390625 0.0341796875 0.025390625
0 0.146484375 0.5419921875 0.037109375 0.0341796875
0 0.15234375 0.4345703125 0.0341796875 0.0283203125
0 0.154296875 0.3857421875 0.03125 0.029296875
0 0.060546875 0.451171875 0.0341796875 0.03125
0 0.1552734375 0.642578125 0.037109375 0.029296875
0 0.158203125 0.6142578125 0.03125 0.0283203125
