1 0.345703125 0.4482421875 0.01171875 0.0341796875
1 0.3583984375 0.5478515625 0.0166015625 0.1142578125
1 0.384765625 0.5029296875 0.0361328125 0.03515625
1 0.390625 0.556640625 0.0361328125 0.0419921875
1 0.43359375 0.5009765625 0.0439453125 0.0546875
1 0.4365234375 0.5654296875 0.04296875 0.052734375
1 0.4794921875 0.498046875 0.033203125 0.041015625
1 0.4814453125 0.5556640625 0.037109375 0.0595703125
1 0.5205078125 0.482421875 0.0322265625 0.0380859375
1 0.529296875 0.529296875 0.0224609375 0.02734375
1 0.4384765625 0.4111328125 0.0478515625 0.0634765625
