1 0.3740234375 0.3984375 0.04296875 0.0439453125
1 0.3818359375 0.4921875 0.044921875 0.1005859375
1 0.4345703125 0.4482421875 0.037109375 0.0341796875
1 0.4306640625 0.5048828125 0.0439453125 0.0703125
1 0.466796875 0.4189453125 0.013671875 0.0458984375
1 0.484375 0.451171875 0.0185546875 0.015625
1 0.4775390625 0.4755859375 0.033203125 0.021484375
1 0.46875 0.515625 0.013671875 0.0419921875
1 0.4970703125 0.4248046875 0.0126953125 0.041015625
1 0.5048828125 0.5 0.0146484375 0.0712890625
1 0.5263671875 0.431640625 0.025390625 0.05859375
1 0.5390625 0.505859375 0.0498046875 0.0537109375
1 0.5810546875 0.451171875 0.0361328125 0.1181640625
1 0.5244140625 0.349609375 0.0322265625 0.052734375
1 0.4794921875 0.3525390625 0.0419921875 0.0458984375
1 0.439453125 0.349609375 0.0263671875 0.048828125
