0 0.517578125 0.2890625 0.025390625 0.01953125
0 0.548828125 0.3115234375 0.01953125 0.01953125
0 0.4091796875 0.3251953125 0.021484375 0.015625
0 0.34765625 0.3349609375 0.03125 0.025390625
0 0.3515625 0.37890625 0.021484375 0.01953125
0 0.576171875 0.3837890625 0.017578125 0.01953125
0 0.5888671875 0.34375 0.025390625 0.021484375
0 0.67578125 0.36328125 0.021484375 0.01953125
0 0.724609375 0.369140625 0.01953125 0.021484375
0 0.666015625 0.4033203125 0.021484375 0.01953125
0 0.5234375 0.41015625 0.0234375 0.021484375
0 0.548828125 0.4306640625 0.01953125 0.015625
0 0.595703125 0.369140625 0.01953125 0.01953125
0 0.482421875 0.373046875 0.021484375 0.01953125
0 0.474609375 0.3515625 0.0234375 0.01953125
0 0.4658203125 0.3330078125 0.017578125 0.013671875
0 0.439453125 0.35546875 0.01953125 0.015625
0 0.3818359375 0.419921875 0.01953125 0.01953125
0 0.353515625 0.39453125 0.017578125 0.01171875
0 0.37109375 0.4736328125 0.015625 0.017578125
0 0.4306640625 0.447265625 0.021484375 0.01953125
0 0.53515625 0.4697265625 0.01953125 0.01171875
0 0.34375 0.4921875 0.021484375 0.0234375
0 0.615234375 0.306640625 0.025390625 0.021484375
