1 0.3720703125 0.6123046875 0.0390625 0.04296875
1 0.380859375 0.521484375 0.04296875 0.09765625
1 0.4345703125 0.5595703125 0.041015625 0.02734375
1 0.431640625 0.505859375 0.04296875 0.060546875
1 0.4775390625 0.53515625 0.037109375 0.015625
1 0.4677734375 0.4931640625 0.015625 0.046875
1 0.4970703125 0.580078125 0.015625 0.064453125
1 0.50390625 0.5087890625 0.01953125 0.05859375
1 0.5263671875 0.5712890625 0.01953125 0.05078125
1 0.537109375 0.5 0.046875 0.0390625
1 0.578125 0.55859375 0.037109375 0.1171875
1 0.521484375 0.642578125 0.02734375 0.01171875
1 0.46484375 0.5869140625 0.015625 0.04296875
