1 0.349609375 0.47265625 0.0087890625 0.0341796875
1 0.3564453125 0.5703125 0.0244140625 0.1298828125
1 0.3857421875 0.521484375 0.03515625 0.05078125
1 0.388671875 0.58203125 0.0302734375 0.0537109375
1 0.435546875 0.5205078125 0.046875 0.0537109375
1 0.4384765625 0.5888671875 0.0400390625 0.044921875
1 0.4794921875 0.5234375 0.0341796875 0.0439453125
1 0.4814453125 0.580078125 0.0302734375 0.0498046875
1 0.525390625 0.5009765625 0.0166015625 0.0419921875
1 0.5263671875 0.5615234375 0.0166015625 0.03515625
1 0.4384765625 0.4345703125 0.04296875 0.0576171875
