1 0.3486328125 0.4658203125 0.0126953125 0.02734375
1 0.357421875 0.5625 0.0166015625 0.1298828125
1 0.3857421875 0.5244140625 0.0380859375 0.048828125
1 0.3857421875 0.58203125 0.0322265625 0.0546875
1 0.435546875 0.5185546875 0.041015625 0.0654296875
1 0.4384765625 0.5849609375 0.0390625 0.0439453125
1 0.4833984375 0.5224609375 0.0390625 0.0400390625
1 0.4853515625 0.5771484375 0.03515625 0.05078125
1 0.525390625 0.5068359375 0.0234375 0.033203125
1 0.5244140625 0.5634765625 0.0185546875 0.0419921875
1 0.439453125 0.4306640625 0.04296875 0.0654296875
