1 0.3740234375 0.4296875 0.04296875 0.046875
1 0.380859375 0.5234375 0.048828125 0.1083984375
1 0.4345703125 0.4873046875 0.0390625 0.033203125
1 0.4326171875 0.544921875 0.0458984375 0.076171875
1 0.4677734375 0.455078125 0.015625 0.044921875
1 0.4873046875 0.4892578125 0.0166015625 0.0107421875
1 0.4755859375 0.5146484375 0.0283203125 0.01953125
1 0.470703125 0.552734375 0.017578125 0.03515625
1 0.4970703125 0.4560546875 0.0166015625 0.033203125
1 0.5009765625 0.5361328125 0.0205078125 0.0673828125
1 0.5263671875 0.4677734375 0.0185546875 0.0615234375
1 0.5390625 0.54296875 0.048828125 0.0517578125
1 0.58203125 0.484375 0.0322265625 0.1220703125
1 0.525390625 0.3837890625 0.03515625 0.06640625
1 0.4794921875 0.380859375 0.0380859375 0.0625
1 0.4384765625 0.37890625 0.02734375 0.056640625
