1 0.607421875 0.373046875 0.046875 0.04296875
1 0.5126953125 0.3779296875 0.10546875 0.05078125
1 0.546875 0.4326171875 0.03125 0.0390625
1 0.4931640625 0.4306640625 0.07421875 0.05078125
1 0.5810546875 0.4638671875 0.037109375 0.01171875
1 0.5537109375 0.4833984375 0.015625 0.01953125
1 0.5283203125 0.4775390625 0.01953125 0.033203125
1 0.4873046875 0.4677734375 0.0390625 0.017578125
1 0.580078125 0.4951171875 0.033203125 0.01953125
1 0.5 0.5029296875 0.0703125 0.013671875
1 0.5654296875 0.5263671875 0.06640625 0.0234375
1 0.4912109375 0.5283203125 0.04296875 0.02734375
1 0.4931640625 0.5517578125 0.04296875 0.013671875
1 0.5546875 0.5810546875 0.109375 0.03125
1 0.65234375 0.521484375 0.05078125 0.03125
1 0.65234375 0.48046875 0.02734375 0.03515625
1 0.6513671875 0.439453125 0.02734375 0.0234375
