1 0.3505859375 0.5126953125 0.009765625 0.0361328125
1 0.357421875 0.6044921875 0.015625 0.1220703125
1 0.388671875 0.5654296875 0.03515625 0.0498046875
1 0.388671875 0.623046875 0.0302734375 0.05078125
1 0.4326171875 0.556640625 0.037109375 0.068359375
1 0.435546875 0.6240234375 0.0380859375 0.04296875
1 0.482421875 0.5947265625 0.033203125 0.099609375
1 0.5244140625 0.5498046875 0.0205078125 0.0380859375
1 0.521484375 0.6044921875 0.02734375 0.0498046875
1 0.44140625 0.466796875 0.044921875 0.0654296875
