1 0.3466796875 0.4443359375 0.0146484375 0.02734375
1 0.35546875 0.5400390625 0.0185546875 0.125
1 0.3857421875 0.5009765625 0.0380859375 0.0419921875
1 0.3857421875 0.556640625 0.0341796875 0.0419921875
1 0.43359375 0.5 0.044921875 0.060546875
1 0.435546875 0.5654296875 0.0439453125 0.0546875
1 0.478515625 0.49609375 0.0361328125 0.044921875
1 0.4814453125 0.5556640625 0.03515625 0.056640625
1 0.5234375 0.4814453125 0.021484375 0.033203125
1 0.5263671875 0.5341796875 0.013671875 0.03125
1 0.4365234375 0.4111328125 0.04296875 0.0625
