1 0.345703125 0.4423828125 0.0107421875 0.0263671875
1 0.3564453125 0.5390625 0.015625 0.1171875
1 0.3837890625 0.4990234375 0.037109375 0.044921875
1 0.388671875 0.5546875 0.0341796875 0.044921875
1 0.4345703125 0.494140625 0.041015625 0.0537109375
1 0.4365234375 0.5595703125 0.0390625 0.048828125
1 0.478515625 0.4931640625 0.037109375 0.0322265625
1 0.482421875 0.548828125 0.0341796875 0.05859375
1 0.5205078125 0.4794921875 0.0205078125 0.0322265625
1 0.529296875 0.5263671875 0.01171875 0.029296875
1 0.4375 0.4140625 0.0380859375 0.0498046875
