1 0.375 0.396484375 0.046875 0.0478515625
1 0.380859375 0.48828125 0.0458984375 0.1005859375
1 0.4345703125 0.4501953125 0.0419921875 0.0263671875
1 0.431640625 0.5068359375 0.046875 0.068359375
1 0.484375 0.453125 0.0185546875 0.0126953125
1 0.478515625 0.4765625 0.03515625 0.0185546875
1 0.46875 0.5166015625 0.0146484375 0.03515625
1 0.4638671875 0.423828125 0.013671875 0.0380859375
1 0.498046875 0.42578125 0.0146484375 0.0380859375
1 0.50390625 0.5009765625 0.01171875 0.0673828125
1 0.5263671875 0.4375 0.0224609375 0.06640625
1 0.5390625 0.5078125 0.044921875 0.046875
1 0.580078125 0.4501953125 0.0361328125 0.1201171875
1 0.396484375 0.3251953125 0.0224609375 0.015625
1 0.4384765625 0.3505859375 0.0224609375 0.052734375
1 0.4794921875 0.34765625 0.0400390625 0.029296875
1 0.5234375 0.345703125 0.029296875 0.060546875
