1 0.3759765625 0.392578125 0.04296875 0.0439453125
1 0.37890625 0.4873046875 0.0478515625 0.103515625
1 0.4326171875 0.447265625 0.0419921875 0.033203125
1 0.4306640625 0.501953125 0.044921875 0.06640625
1 0.4833984375 0.4453125 0.0146484375 0.0166015625
1 0.4833984375 0.4755859375 0.0419921875 0.017578125
1 0.46875 0.51171875 0.013671875 0.0390625
1 0.5009765625 0.51171875 0.0126953125 0.0390625
1 0.498046875 0.4208984375 0.0146484375 0.0419921875
1 0.4658203125 0.4169921875 0.0166015625 0.0439453125
1 0.5263671875 0.43359375 0.01953125 0.05859375
1 0.5263671875 0.5068359375 0.025390625 0.044921875
1 0.5517578125 0.5068359375 0.017578125 0.044921875
1 0.5791015625 0.4443359375 0.0302734375 0.1220703125
1 0.5234375 0.34375 0.03125 0.048828125
1 0.4833984375 0.3505859375 0.037109375 0.0400390625
1 0.439453125 0.3564453125 0.0205078125 0.029296875
