1 0.3759765625 0.37890625 0.04296875 0.04296875
1 0.3798828125 0.470703125 0.046875 0.1015625
1 0.43359375 0.4326171875 0.04296875 0.0234375
1 0.431640625 0.4814453125 0.046875 0.0703125
1 0.4814453125 0.4296875 0.029296875 0.01953125
1 0.486328125 0.482421875 0.05078125 0.0625
1 0.4970703125 0.4072265625 0.015625 0.0390625
1 0.5263671875 0.4189453125 0.0234375 0.0703125
1 0.5400390625 0.4921875 0.048828125 0.05078125
1 0.5810546875 0.4375 0.03515625 0.130859375
1 0.6103515625 0.4287109375 0.0078125 0.15234375
1 0.52734375 0.349609375 0.03515625 0.01171875
1 0.5244140625 0.3291015625 0.03125 0.009765625
1 0.482421875 0.3388671875 0.03515625 0.03515625
1 0.44140625 0.341796875 0.0234375 0.02734375
1 0.46484375 0.3994140625 0.015625 0.044921875
