4 0.236328125 0.466796875 0.072265625 0.09375
4 0.2236328125 0.599609375 0.078125 0.08203125
4 0.44921875 0.58984375 0.06640625 0.0703125
4 0.349609375 0.5849609375 0.0859375 0.087890625
4 0.359375 0.47265625 0.072265625 0.08984375
4 0.4658203125 0.466796875 0.068359375 0.08984375
4 0.572265625 0.462890625 0.072265625 0.1015625
4 0.5517578125 0.5810546875 0.068359375 0.109375
4 0.671875 0.587890625 0.06640625 0.08984375
4 0.681640625 0.4736328125 0.068359375 0.068359375
4 0.771484375 0.474609375 0.052734375 0.08984375
4 0.7666015625 0.580078125 0.0625 0.099609375
4 0.8564453125 0.5869140625 0.056640625 0.07421875
4 0.8701171875 0.4716796875 0.064453125 0.08203125
