1 0.6533203125 0.5546875 0.01171875 0.0234375
1 0.6435546875 0.4609375 0.017578125 0.12890625
1 0.6142578125 0.4990234375 0.03515625 0.046875
1 0.61328125 0.4423828125 0.0390625 0.046875
1 0.56640625 0.4990234375 0.037109375 0.0625
1 0.5634765625 0.4365234375 0.03515625 0.044921875
1 0.5205078125 0.505859375 0.0390625 0.041015625
1 0.517578125 0.4443359375 0.03515625 0.05078125
1 0.4775390625 0.517578125 0.01953125 0.041015625
1 0.47265625 0.4658203125 0.01953125 0.01953125
1 0.5634765625 0.5908203125 0.04296875 0.0546875
