1 0.375 0.396484375 0.037109375 0.0439453125
1 0.380859375 0.4892578125 0.044921875 0.1005859375
1 0.4326171875 0.44921875 0.037109375 0.0322265625
1 0.4306640625 0.5078125 0.0439453125 0.0732421875
1 0.4677734375 0.4208984375 0.01953125 0.0380859375
1 0.4853515625 0.4541015625 0.01953125 0.01171875
1 0.4765625 0.4775390625 0.033203125 0.017578125
1 0.4677734375 0.515625 0.0166015625 0.0390625
1 0.498046875 0.4228515625 0.0146484375 0.044921875
1 0.5009765625 0.501953125 0.0126953125 0.06640625
1 0.52734375 0.435546875 0.0244140625 0.0634765625
1 0.52734375 0.505859375 0.0283203125 0.052734375
1 0.5537109375 0.5146484375 0.0146484375 0.0478515625
1 0.580078125 0.451171875 0.0341796875 0.125
1 0.5234375 0.359375 0.0322265625 0.0341796875
1 0.4794921875 0.3544921875 0.0380859375 0.0390625
1 0.4404296875 0.357421875 0.025390625 0.025390625
