1 0.34765625 0.4560546875 0.01171875 0.025390625
1 0.357421875 0.552734375 0.017578125 0.11328125
1 0.3857421875 0.51171875 0.041015625 0.0390625
1 0.388671875 0.564453125 0.03515625 0.041015625
1 0.435546875 0.505859375 0.041015625 0.05859375
1 0.4375 0.5693359375 0.037109375 0.04296875
1 0.4814453125 0.509765625 0.037109375 0.0390625
1 0.482421875 0.560546875 0.033203125 0.046875
1 0.5244140625 0.4931640625 0.025390625 0.03515625
1 0.5283203125 0.5458984375 0.01171875 0.025390625
1 0.435546875 0.4111328125 0.0390625 0.06640625
