1 0.3759765625 0.623046875 0.048828125 0.046875
1 0.37890625 0.5380859375 0.046875 0.09765625
1 0.419921875 0.6259765625 0.0234375 0.015625
1 0.4287109375 0.53125 0.048828125 0.111328125
1 0.484375 0.521484375 0.05078125 0.0703125
1 0.466796875 0.6025390625 0.0234375 0.0390625
1 0.5009765625 0.5947265625 0.0234375 0.04296875
1 0.5283203125 0.5859375 0.01953125 0.05859375
1 0.5283203125 0.5126953125 0.025390625 0.04296875
1 0.5546875 0.5126953125 0.021484375 0.0546875
1 0.58203125 0.56640625 0.0390625 0.1328125
1 0.52734375 0.6552734375 0.03125 0.01953125
