1 0.3740234375 0.396484375 0.0380859375 0.0361328125
1 0.3798828125 0.4921875 0.0439453125 0.0986328125
1 0.4345703125 0.4521484375 0.0361328125 0.03125
1 0.431640625 0.5078125 0.0458984375 0.0751953125
1 0.484375 0.4521484375 0.013671875 0.01171875
1 0.478515625 0.4775390625 0.02734375 0.0185546875
1 0.46875 0.5185546875 0.0126953125 0.0478515625
1 0.46484375 0.4208984375 0.0166015625 0.041015625
1 0.498046875 0.427734375 0.01953125 0.0400390625
1 0.5029296875 0.5029296875 0.015625 0.0703125
1 0.525390625 0.4375 0.0224609375 0.0615234375
1 0.5283203125 0.5068359375 0.0244140625 0.05078125
1 0.552734375 0.509765625 0.017578125 0.0400390625
1 0.5810546875 0.4482421875 0.0322265625 0.111328125
1 0.5224609375 0.3505859375 0.0283203125 0.052734375
1 0.4794921875 0.3525390625 0.0400390625 0.0380859375
1 0.4384765625 0.3515625 0.025390625 0.048828125
