1 0.55859375 0.3486328125 0.0234375 0.01171875
1 0.4638671875 0.35546875 0.126953125 0.015625
1 0.50390625 0.3837890625 0.044921875 0.0390625
1 0.4482421875 0.3876953125 0.044921875 0.03515625
1 0.5068359375 0.43359375 0.05859375 0.04296875
1 0.4375 0.4365234375 0.0546875 0.041015625
1 0.5078125 0.4794921875 0.0390625 0.03515625
1 0.4453125 0.482421875 0.05859375 0.0390625
1 0.5205078125 0.5263671875 0.03125 0.021484375
1 0.4697265625 0.52734375 0.03125 0.015625
1 0.58984375 0.4365234375 0.0546875 0.0390625
