1 0.6533203125 0.5556640625 0.015625 0.02734375
1 0.6416015625 0.458984375 0.015625 0.125
1 0.6142578125 0.5 0.03515625 0.04296875
1 0.61328125 0.4423828125 0.0390625 0.04296875
1 0.5673828125 0.4990234375 0.041015625 0.05859375
1 0.5634765625 0.4345703125 0.041015625 0.05078125
1 0.51953125 0.505859375 0.03515625 0.044921875
1 0.51953125 0.4453125 0.03515625 0.056640625
1 0.4775390625 0.515625 0.0234375 0.03515625
1 0.4736328125 0.470703125 0.015625 0.033203125
1 0.5615234375 0.591796875 0.046875 0.06640625
