1 0.3466796875 0.4443359375 0.0126953125 0.021484375
1 0.35546875 0.5380859375 0.01953125 0.125
1 0.384765625 0.4970703125 0.0380859375 0.0390625
1 0.388671875 0.5537109375 0.03515625 0.044921875
1 0.43359375 0.4931640625 0.041015625 0.0546875
1 0.4365234375 0.5634765625 0.0439453125 0.05078125
1 0.4814453125 0.4921875 0.0380859375 0.04296875
1 0.484375 0.5546875 0.037109375 0.0576171875
1 0.5234375 0.478515625 0.0244140625 0.03125
1 0.5244140625 0.529296875 0.0185546875 0.03125
1 0.4375 0.404296875 0.0439453125 0.0625
