0 0.5478515625 0.501953125 0.04296875 0.03515625
0 0.4013671875 0.513671875 0.041015625 0.03125
0 0.4052734375 0.626953125 0.046875 0.037109375
0 0.5458984375 0.615234375 0.046875 0.03515625
0 0.115234375 0.541015625 0.03515625 0.03125
0 0.0107421875 0.501953125 0.021484375 0.03125
0 0.8515625 0.5009765625 0.037109375 0.037109375
0 0.7978515625 0.49609375 0.03515625 0.025390625
0 0.853515625 0.4580078125 0.037109375 0.03515625
0 0.84765625 0.5654296875 0.03515625 0.02734375
0 0.845703125 0.6142578125 0.03125 0.029296875
0 0.939453125 0.548828125 0.03515625 0.03125
0 0.8447265625 0.357421875 0.037109375 0.029296875
0 0.841796875 0.3857421875 0.03125 0.02734375
