1 0.3759765625 0.4228515625 0.046875 0.05078125
1 0.37890625 0.5166015625 0.05078125 0.095703125
1 0.43359375 0.4775390625 0.04296875 0.033203125
1 0.431640625 0.5361328125 0.046875 0.0703125
1 0.466796875 0.44921875 0.017578125 0.044921875
1 0.4814453125 0.482421875 0.01953125 0.017578125
1 0.4755859375 0.505859375 0.03125 0.01953125
1 0.4677734375 0.544921875 0.017578125 0.044921875
1 0.498046875 0.453125 0.01953125 0.04296875
1 0.5029296875 0.5322265625 0.017578125 0.07421875
1 0.5263671875 0.4609375 0.02734375 0.0703125
1 0.5380859375 0.5380859375 0.044921875 0.052734375
1 0.58203125 0.4775390625 0.0390625 0.1171875
1 0.521484375 0.3798828125 0.03125 0.0546875
1 0.478515625 0.375 0.041015625 0.060546875
1 0.439453125 0.369140625 0.02734375 0.0546875
