0 0.5009765625 0.189453125 0.025390625 0.017578125
0 0.5068359375 0.2421875 0.01953125 0.017578125
0 0.46875 0.2861328125 0.01953125 0.015625
0 0.478515625 0.337890625 0.015625 0.01171875
0 0.5078125 0.330078125 0.01953125 0.01171875
0 0.501953125 0.384765625 0.021484375 0.015625
0 0.486328125 0.435546875 0.01953125 0.013671875
0 0.4658203125 0.509765625 0.013671875 0.01171875
0 0.5048828125 0.556640625 0.01953125 0.015625
0 0.4501953125 0.1328125 0.01953125 0.01171875
0 0.419921875 0.1767578125 0.01171875 0.01171875
0 0.4248046875 0.23046875 0.017578125 0.013671875
0 0.5439453125 0.2958984375 0.01171875 0.01171875
0 0.552734375 0.3466796875 0.01953125 0.01953125
0 0.505859375 0.48046875 0.021484375 0.013671875
0 0.552734375 0.48828125 0.01171875 0.01171875
0 0.51953125 0.4443359375 0.015625 0.01171875
0 0.443359375 0.326171875 0.015625 0.01171875
0 0.501953125 0.744140625 0.017578125 0.017578125
0 0.5234375 0.71484375 0.015625 0.009765625
0 0.517578125 0.68359375 0.017578125 0.017578125
0 0.580078125 0.7177734375 0.01171875 0.01171875
0 0.5634765625 0.7626953125 0.017578125 0.01171875
0 0.501953125 0.78125 0.017578125 0.013671875
0 0.5537109375 0.8125 0.01953125 0.01171875
0 0.505859375 0.830078125 0.021484375 0.015625
0 0.5478515625 0.8603515625 0.01171875 0.01171875
0 0.5439453125 0.138671875 0.015625 0.01171875
0 0.4443359375 0.3720703125 0.015625 0.01171875
0 0.44140625 0.41796875 0.015625 0.01171875
0 0.486328125 0.650390625 0.01953125 0.015625
0 0.4765625 0.7919921875 0.01171875 0.01171875
