4 0.2109375 0.107421875 0.0986328125 0.0908203125
4 0.1015625 0.162109375 0.103515625 0.056640625
4 0.2890625 0.0830078125 0.068359375 0.0517578125
0 0.533203125 0.291015625 0.046875 0.037109375
0 0.4599609375 0.251953125 0.0517578125 0.046875
0 0.37890625 0.3505859375 0.0439453125 0.0390625
0 0.1650390625 0.32421875 0.0439453125 0.0439453125
0 0.15625 0.3583984375 0.0439453125 0.037109375
0 0.453125 0.388671875 0.041015625 0.0341796875
0 0.455078125 0.3466796875 0.0439453125 0.041015625
0 0.412109375 0.400390625 0.0439453125 0.0439453125
0 0.376953125 0.4208984375 0.046875 0.044921875
0 0.330078125 0.40625 0.037109375 0.048828125
0 0.0283203125 0.529296875 0.044921875 0.041015625
0 0.2607421875 0.4716796875 0.048828125 0.046875
0 0.3193359375 0.5009765625 0.048828125 0.046875
0 0.3447265625 0.5654296875 0.048828125 0.044921875
0 0.353515625 0.6015625 0.056640625 0.0419921875
0 0.650390625 0.7099609375 0.0625 0.037109375
0 0.970703125 0.669921875 0.046875 0.0498046875
0 0.794921875 0.880859375 0.0498046875 0.0595703125
0 0.529296875 0.83203125 0.0283203125 0.0341796875
0 0.58984375 0.8076171875 0.041015625 0.041015625
0 0.4248046875 0.837890625 0.037109375 0.041015625
0 0.3818359375 0.85546875 0.0361328125 0.0439453125
0 0.365234375 0.9052734375 0.041015625 0.0419921875
0 0.3955078125 0.91796875 0.03125 0.03125
0 0.2197265625 0.853515625 0.0654296875 0.0517578125
0 0.259765625 0.90625 0.0517578125 0.046875
0 0.27734375 0.9755859375 0.0498046875 0.048828125
0 0.064453125 0.951171875 0.037109375 0.0498046875
