1 0.6044921875 0.375 0.04296875 0.04296875
1 0.5107421875 0.380859375 0.10546875 0.046875
1 0.548828125 0.435546875 0.03125 0.0390625
1 0.4912109375 0.4326171875 0.072265625 0.044921875
1 0.580078125 0.4677734375 0.04296875 0.015625
1 0.548828125 0.484375 0.01953125 0.015625
1 0.5234375 0.4755859375 0.0234375 0.03125
1 0.4833984375 0.46875 0.0390625 0.013671875
1 0.5751953125 0.5009765625 0.046875 0.015625
1 0.49609375 0.5029296875 0.0703125 0.01953125
1 0.5625 0.5283203125 0.05859375 0.0234375
1 0.4873046875 0.529296875 0.046875 0.02734375
1 0.48828125 0.55078125 0.044921875 0.017578125
1 0.5517578125 0.5810546875 0.1171875 0.037109375
1 0.650390625 0.5234375 0.05078125 0.03515625
1 0.6484375 0.4814453125 0.041015625 0.03515625
1 0.654296875 0.435546875 0.046875 0.02734375
