1 0.3740234375 0.572265625 0.044921875 0.0546875
1 0.380859375 0.4794921875 0.04296875 0.08984375
1 0.431640625 0.521484375 0.041015625 0.02734375
1 0.4306640625 0.4609375 0.046875 0.07421875
1 0.4638671875 0.546875 0.01171875 0.0390625
1 0.4833984375 0.5146484375 0.013671875 0.01953125
1 0.4775390625 0.490234375 0.029296875 0.017578125
1 0.4697265625 0.451171875 0.017578125 0.0390625
1 0.4990234375 0.5390625 0.017578125 0.05078125
1 0.50390625 0.4638671875 0.015625 0.07421875
1 0.525390625 0.529296875 0.021484375 0.06640625
1 0.541015625 0.45703125 0.046875 0.046875
1 0.5810546875 0.51953125 0.033203125 0.1171875
1 0.521484375 0.6220703125 0.03515625 0.056640625
1 0.478515625 0.625 0.041015625 0.0546875
1 0.4384765625 0.62109375 0.025390625 0.056640625
