1 0.599609375 0.3759765625 0.04296875 0.04296875
1 0.5146484375 0.3798828125 0.099609375 0.046875
1 0.548828125 0.4326171875 0.03125 0.037109375
1 0.494140625 0.4306640625 0.07421875 0.046875
1 0.5498046875 0.482421875 0.01953125 0.01953125
1 0.5224609375 0.4765625 0.015625 0.03515625
1 0.4853515625 0.46875 0.03515625 0.015625
1 0.58203125 0.46484375 0.046875 0.017578125
1 0.576171875 0.4970703125 0.0390625 0.01171875
1 0.4990234375 0.50390625 0.0625 0.01953125
1 0.5625 0.52734375 0.05859375 0.0234375
1 0.490234375 0.5283203125 0.04296875 0.02734375
1 0.4921875 0.5517578125 0.046875 0.015625
1 0.55078125 0.580078125 0.1171875 0.03125
1 0.6552734375 0.5234375 0.05078125 0.03125
1 0.6484375 0.4814453125 0.04296875 0.037109375
1 0.65234375 0.4404296875 0.044921875 0.025390625
