0 0.4462890625 0.197265625 0.029296875 0.03125
0 0.326171875 0.21875 0.03515625 0.03515625
0 0.4453125 0.2509765625 0.03515625 0.037109375
0 0.37109375 0.2587890625 0.03515625 0.03515625
0 0.482421875 0.044921875 0.041015625 0.041015625
0 0.603515625 0.0625 0.046875 0.044921875
0 0.591796875 0.162109375 0.041015625 0.037109375
0 0.6201171875 0.2158203125 0.03515625 0.037109375
0 0.5146484375 0.248046875 0.03125 0.03125
0 0.505859375 0.27734375 0.02734375 0.041015625
0 0.7490234375 0.349609375 0.04296875 0.041015625
0 0.7802734375 0.2529296875 0.03515625 0.04296875
0 0.865234375 0.0546875 0.037109375 0.0546875
0 0.6416015625 0.166015625 0.037109375 0.03125
0 0.470703125 0.2060546875 0.037109375 0.041015625
0 0.287109375 0.8603515625 0.03515625 0.037109375
0 0.318359375 0.8603515625 0.03125 0.0234375
0 0.345703125 0.8486328125 0.02734375 0.025390625
0 0.3662109375 0.83984375 0.025390625 0.03125
0 0.470703125 0.7705078125 0.03125 0.03515625
0 0.501953125 0.7548828125 0.041015625 0.037109375
0 0.53125 0.818359375 0.029296875 0.037109375
0 0.5380859375 0.783203125 0.025390625 0.03125
0 0.6865234375 0.7578125 0.03125 0.03125
0 0.6767578125 0.8056640625 0.02734375 0.037109375
0 0.720703125 0.7705078125 0.02734375 0.029296875
0 0.7373046875 0.7490234375 0.021484375 0.029296875
0 0.7529296875 0.728515625 0.03125 0.03515625
0 0.748046875 0.6953125 0.0234375 0.033203125
0 0.759765625 0.9248046875 0.02734375 0.03125
0 0.724609375 0.943359375 0.02734375 0.029296875
0 0.447265625 0.853515625 0.03515625 0.033203125
0 0.2412109375 0.7216796875 0.021484375 0.03515625
0 0.546875 0.2099609375 0.02734375 0.03515625
