1 0.3759765625 0.4072265625 0.046875 0.0478515625
1 0.3779296875 0.498046875 0.05078125 0.0927734375
1 0.4326171875 0.455078125 0.0380859375 0.041015625
1 0.431640625 0.5146484375 0.0458984375 0.0703125
1 0.466796875 0.427734375 0.017578125 0.0458984375
1 0.4833984375 0.4619140625 0.01953125 0.021484375
1 0.484375 0.486328125 0.04296875 0.0205078125
1 0.46875 0.5224609375 0.0126953125 0.04296875
1 0.50390625 0.5244140625 0.0146484375 0.0400390625
1 0.5009765625 0.4306640625 0.0166015625 0.0419921875
1 0.5283203125 0.4443359375 0.021484375 0.0625
1 0.5400390625 0.517578125 0.0439453125 0.041015625
1 0.5810546875 0.4658203125 0.0341796875 0.1337890625
1 0.5234375 0.3544921875 0.03515625 0.056640625
1 0.4814453125 0.3564453125 0.041015625 0.05859375
1 0.44140625 0.3544921875 0.0283203125 0.0556640625
1 0.3994140625 0.3330078125 0.0185546875 0.0146484375
