1 0.345703125 0.4638671875 0.0146484375 0.025390625
1 0.3583984375 0.5595703125 0.0185546875 0.119140625
1 0.38671875 0.513671875 0.037109375 0.0498046875
1 0.3876953125 0.572265625 0.0302734375 0.052734375
1 0.435546875 0.515625 0.0419921875 0.0615234375
1 0.4384765625 0.5830078125 0.037109375 0.0595703125
1 0.4794921875 0.517578125 0.0380859375 0.0498046875
1 0.482421875 0.5732421875 0.0361328125 0.05859375
1 0.525390625 0.5009765625 0.0224609375 0.0390625
1 0.529296875 0.55078125 0.01171875 0.0341796875
1 0.4384765625 0.4228515625 0.0458984375 0.068359375
