1 0.3466796875 0.458984375 0.0126953125 0.0302734375
1 0.357421875 0.560546875 0.013671875 0.12109375
1 0.384765625 0.5166015625 0.037109375 0.0498046875
1 0.388671875 0.568359375 0.0302734375 0.0419921875
1 0.435546875 0.513671875 0.041015625 0.05859375
1 0.4345703125 0.5771484375 0.046875 0.04296875
1 0.4814453125 0.5146484375 0.0400390625 0.0419921875
1 0.4814453125 0.5673828125 0.0390625 0.0458984375
1 0.52734375 0.5 0.017578125 0.0263671875
1 0.52734375 0.5478515625 0.01171875 0.0205078125
1 0.4375 0.4248046875 0.041015625 0.0654296875
