1 0.3486328125 0.5537109375 0.015625 0.021484375
1 0.35546875 0.462890625 0.01953125 0.12890625
1 0.38671875 0.5 0.03515625 0.04296875
1 0.388671875 0.447265625 0.03515625 0.04296875
1 0.4326171875 0.5048828125 0.041015625 0.0546875
1 0.4365234375 0.4453125 0.0390625 0.044921875
1 0.48046875 0.505859375 0.03515625 0.04296875
1 0.4814453125 0.4521484375 0.03515625 0.056640625
1 0.51953125 0.51953125 0.0234375 0.03125
1 0.5263671875 0.4638671875 0.0234375 0.02734375
1 0.435546875 0.5888671875 0.041015625 0.046875
