1 0.345703125 0.44921875 0.017578125 0.0263671875
1 0.3564453125 0.5576171875 0.017578125 0.107421875
1 0.384765625 0.509765625 0.0361328125 0.0390625
1 0.3876953125 0.560546875 0.0302734375 0.037109375
1 0.4345703125 0.50390625 0.041015625 0.0556640625
1 0.4326171875 0.56640625 0.04296875 0.0458984375
1 0.4775390625 0.498046875 0.037109375 0.037109375
1 0.48046875 0.5595703125 0.037109375 0.0556640625
1 0.521484375 0.4873046875 0.0263671875 0.0419921875
1 0.52734375 0.537109375 0.0205078125 0.029296875
1 0.4384765625 0.416015625 0.0458984375 0.0498046875
