1 0.548828125 0.65234375 0.029296875 0.0078125
1 0.4541015625 0.6435546875 0.123046875 0.015625
1 0.4873046875 0.615234375 0.04296875 0.0390625
1 0.4365234375 0.611328125 0.048828125 0.03515625
1 0.4912109375 0.5654296875 0.05859375 0.04296875
1 0.427734375 0.5634765625 0.046875 0.041015625
1 0.49609375 0.521484375 0.0390625 0.03515625
1 0.439453125 0.5166015625 0.048828125 0.03515625
1 0.509765625 0.4755859375 0.03515625 0.01953125
1 0.458984375 0.4736328125 0.03125 0.015625
1 0.5810546875 0.5615234375 0.06640625 0.041015625
