0 0.3408203125 0.5927734375 0.029296875 0.02734375
0 0.32421875 0.568359375 0.025390625 0.0234375
0 0.423828125 0.564453125 0.025390625 0.025390625
0 0.4794921875 0.5556640625 0.021484375 0.01953125
0 0.50390625 0.544921875 0.02734375 0.021484375
0 0.533203125 0.49609375 0.021484375 0.021484375
0 0.6064453125 0.578125 0.03125 0.03125
0 0.6923828125 0.4755859375 0.021484375 0.025390625
0 0.73828125 0.552734375 0.029296875 0.025390625
0 0.482421875 0.291015625 0.01953125 0.021484375
0 0.404296875 0.3173828125 0.021484375 0.0234375
0 0.380859375 0.33984375 0.03125 0.02734375
0 0.423828125 0.33984375 0.01953125 0.021484375
0 0.400390625 0.3564453125 0.025390625 0.025390625
0 0.384765625 0.427734375 0.02734375 0.02734375
0 0.2294921875 0.400390625 0.025390625 0.025390625
0 0.29296875 0.3095703125 0.025390625 0.025390625
0 0.201171875 0.306640625 0.033203125 0.03515625
0 0.0947265625 0.5361328125 0.03515625 0.03515625
0 0.248046875 0.61328125 0.025390625 0.021484375
0 0.2666015625 0.662109375 0.021484375 0.025390625
0 0.2763671875 0.712890625 0.03515625 0.021484375
0 0.193359375 0.59765625 0.02734375 0.025390625
0 0.3935546875 0.595703125 0.01953125 0.017578125
0 0.404296875 0.56640625 0.01953125 0.021484375
0 0.3916015625 0.560546875 0.025390625 0.017578125
0 0.408203125 0.6005859375 0.02734375 0.02734375
0 0.236328125 0.6630859375 0.01953125 0.02734375
0 0.4462890625 0.267578125 0.02734375 0.0234375
