1 0.349609375 0.4609375 0.017578125 0.025390625
1 0.357421875 0.556640625 0.0224609375 0.1279296875
1 0.3857421875 0.517578125 0.0341796875 0.0576171875
1 0.3896484375 0.576171875 0.033203125 0.05859375
1 0.4345703125 0.5166015625 0.04296875 0.0615234375
1 0.439453125 0.580078125 0.0439453125 0.05859375
1 0.4814453125 0.515625 0.0341796875 0.0439453125
1 0.482421875 0.5673828125 0.0341796875 0.0625
1 0.5224609375 0.5 0.0224609375 0.0419921875
1 0.525390625 0.5498046875 0.017578125 0.033203125
1 0.4375 0.4228515625 0.0498046875 0.0576171875
