0 0.396484375 0.060546875 0.021484375 0.025390625
0 0.4208984375 0.087890625 0.03125 0.025390625
0 0.443359375 0.10546875 0.01953125 0.015625
0 0.47265625 0.1533203125 0.02734375 0.03125
0 0.48828125 0.1767578125 0.03125 0.0234375
0 0.49609375 0.2001953125 0.025390625 0.021484375
0 0.5068359375 0.216796875 0.01953125 0.01171875
0 0.515625 0.232421875 0.021484375 0.025390625
0 0.564453125 0.310546875 0.02734375 0.021484375
0 0.615234375 0.365234375 0.029296875 0.037109375
0 0.685546875 0.4462890625 0.025390625 0.025390625
0 0.37890625 0.193359375 0.025390625 0.01171875
0 0.3603515625 0.1474609375 0.0234375 0.02734375
0 0.2802734375 0.0859375 0.021484375 0.01953125
0 0.265625 0.1025390625 0.03515625 0.021484375
0 0.3193359375 0.166015625 0.03125 0.021484375
0 0.541015625 0.408203125 0.025390625 0.02734375
0 0.51171875 0.3740234375 0.03125 0.025390625
0 0.4677734375 0.330078125 0.02734375 0.025390625
0 0.5576171875 0.427734375 0.015625 0.025390625
0 0.5810546875 0.447265625 0.025390625 0.02734375
0 0.599609375 0.4755859375 0.01953125 0.025390625
