0 0.794921875 0.5859375 0.0751953125 0.0791015625
0 0.458984375 0.607421875 0.07421875 0.0693359375
0 0.68359375 0.4697265625 0.05859375 0.05078125
0 0.595703125 0.6337890625 0.078125 0.0771484375
0 0.6767578125 0.7900390625 0.064453125 0.056640625
0 0.5849609375 0.8740234375 0.056640625 0.076171875
0 0.75 0.7080078125 0.052734375 0.025390625
0 0.6611328125 0.7138671875 0.0517578125 0.037109375
1 0.71121101171875 0.715648146484375 0.806608083984375 0.66542513671875 0.804608244140625 0.634919890625 0.71724873828125 0.6604028359375 0.67377668359375 0.64868411328125 0.65928599609375 0.685514341796875 0.71121101171875 0.715648146484375
1 0.507133888671875 0.461184923828125 0.28286911328125 0.37789177734375 0.27045272265625 0.432725177734375 0.474529845703125 0.51475611328125 0.507133888671875 0.461184923828125
1 0.510756560546875 0.685514341796875 0.249924220703125 0.559956818359375 0.23543353515625 0.623572609375 0.4817751875 0.72569274609375 0.510756560546875 0.685514341796875
