1 0.4677734375 0.6513671875 0.02734375 0.009765625
1 0.564453125 0.6416015625 0.12109375 0.015625
1 0.5205078125 0.61328125 0.046875 0.037109375
1 0.580078125 0.6103515625 0.046875 0.033203125
1 0.515625 0.564453125 0.0625 0.04296875
1 0.580078125 0.5634765625 0.044921875 0.037109375
1 0.5185546875 0.5166015625 0.04296875 0.03515625
1 0.57421875 0.515625 0.05859375 0.041015625
1 0.50390625 0.4755859375 0.03515625 0.0234375
1 0.55078125 0.4697265625 0.01953125 0.017578125
1 0.42578125 0.5595703125 0.056640625 0.04296875
