4 0.49609375 0.116666666015625 0.5015625 0.4305555546875 0.5703125 0.429166666015625 0.5671875 0.095833333984375 0.49609375 0.116666666015625
4 0.49921875 0.466666666015625 0.50078125 0.513888888671875 0.56640625 0.516666666015625 0.5640625 0.4569444453125 0.49921875 0.466666666015625
4 0.4671875 0.195833333984375 0.4671875 0.125 0.44375 0.208333333984375 0.4453125 0.2430555546875 0.45390625 0.20972222265625 0.4671875 0.195833333984375
4 0.45 0.3694444453125 0.46328125 0.35972222265625 0.4640625 0.238888888671875 0.45078125 0.273611111328125 0.44921875 0.3069444453125 0.4421875 0.3430555546875 0.45 0.3694444453125
4 0.4640625 0.5180555546875 0.46484375 0.41527777734375 0.44453125 0.47222222265625 0.434375 0.50972222265625 0.44453125 0.52222222265625 0.4640625 0.5180555546875
4 0.66484375 0.09722222265625 0.609375 0.1055555546875 0.6125 0.1930555546875 0.66484375 0.1875 0.66484375 0.09722222265625
4 0.6625 0.2 0.61328125 0.2180555546875 0.6109375 0.283333333984375 0.66328125 0.275 0.6625 0.2
4 0.62578125 0.351388888671875 0.6125 0.4 0.63046875 0.40277777734375 0.62421875 0.438888888671875 0.64375 0.458333333984375 0.621875 0.529166666015625 0.66484375 0.54722222265625 0.66328125 0.2875 0.6140625 0.2944444453125 0.6140625 0.29722222265625 0.61328125 0.348611111328125 0.62578125 0.351388888671875
4 0.68984375 0.108333333984375 0.67578125 0.09722222265625 0.6796875 0.52222222265625 0.6859375 0.529166666015625 0.68984375 0.108333333984375
4 0.71484375 0.113888888671875 0.6984375 0.10972222265625 0.70078125 0.545833333984375 0.71015625 0.561111111328125 0.71484375 0.113888888671875
4 0.4703125 0.7069444453125 0.43359375 0.74027777734375 0.44375 0.7805555546875 0.48203125 0.72222222265625 0.4703125 0.7069444453125
