0 0.3681640625 0.185546875 0.02734375 0.025390625
0 0.181640625 0.330078125 0.03515625 0.03515625
0 0.1875 0.390625 0.03515625 0.025390625
0 0.4365234375 0.451171875 0.037109375 0.02734375
0 0.478515625 0.373046875 0.03515625 0.033203125
0 0.4619140625 0.291015625 0.04296875 0.03515625
0 0.5400390625 0.298828125 0.04296875 0.02734375
0 0.541015625 0.376953125 0.046875 0.03515625
0 0.55078125 0.443359375 0.0390625 0.03125
0 0.556640625 0.40625 0.041015625 0.033203125
0 0.6103515625 0.4189453125 0.037109375 0.041015625
0 0.455078125 0.509765625 0.037109375 0.037109375
0 0.4462890625 0.5400390625 0.033203125 0.02734375
0 0.771484375 0.3583984375 0.03515625 0.03515625
