0 0.4208984375 0.138671875 0.03515625 0.025390625
0 0.4384765625 0.2060546875 0.03125 0.025390625
0 0.4404296875 0.28125 0.03515625 0.02734375
0 0.447265625 0.322265625 0.03515625 0.01953125
0 0.482421875 0.353515625 0.03125 0.025390625
0 0.4921875 0.326171875 0.0390625 0.025390625
0 0.4931640625 0.294921875 0.041015625 0.025390625
0 0.5029296875 0.263671875 0.02734375 0.021484375
0 0.5751953125 0.3037109375 0.04296875 0.02734375
0 0.5634765625 0.3330078125 0.046875 0.025390625
0 0.6201171875 0.2041015625 0.046875 0.02734375
0 0.5146484375 0.2021484375 0.03125 0.025390625
0 0.4677734375 0.212890625 0.02734375 0.01953125
0 0.4765625 0.15625 0.037109375 0.021484375
0 0.4755859375 0.099609375 0.03515625 0.029296875
0 0.5341796875 0.107421875 0.05078125 0.021484375
0 0.5224609375 0.138671875 0.03125 0.01953125
0 0.517578125 0.169921875 0.04296875 0.021484375
0 0.587890625 0.162109375 0.037109375 0.0234375
0 0.5927734375 0.1298828125 0.03515625 0.021484375
0 0.61328125 0.1142578125 0.046875 0.021484375
0 0.609375 0.08984375 0.03515625 0.0234375
0 0.73046875 0.111328125 0.033203125 0.01953125
0 0.7158203125 0.154296875 0.04296875 0.021484375
0 0.7060546875 0.1865234375 0.052734375 0.02734375
0 0.7021484375 0.220703125 0.052734375 0.025390625
0 0.634765625 0.283203125 0.03125 0.015625
0 0.6376953125 0.2373046875 0.04296875 0.025390625
0 0.5693359375 0.2314453125 0.041015625 0.0234375
0 0.634765625 0.2841796875 0.03125 0.021484375
0 0.693359375 0.2626953125 0.029296875 0.025390625
0 0.658203125 0.236328125 0.02734375 0.01953125
0 0.69140625 0.2998046875 0.03515625 0.025390625
0 0.689453125 0.3330078125 0.02734375 0.025390625
