1 0.3466796875 0.4501953125 0.0126953125 0.0205078125
1 0.3564453125 0.55078125 0.0166015625 0.1220703125
1 0.3857421875 0.5087890625 0.041015625 0.046875
1 0.390625 0.5693359375 0.0380859375 0.0546875
1 0.4345703125 0.50390625 0.0419921875 0.060546875
1 0.4384765625 0.5712890625 0.0380859375 0.052734375
1 0.478515625 0.5 0.03515625 0.044921875
1 0.4814453125 0.5576171875 0.0380859375 0.056640625
1 0.5234375 0.4912109375 0.0263671875 0.041015625
1 0.5263671875 0.53515625 0.0224609375 0.0234375
1 0.4384765625 0.41796875 0.0517578125 0.0625
