1 0.3466796875 0.5576171875 0.01953125 0.029296875
1 0.3564453125 0.45703125 0.015625 0.119140625
1 0.3837890625 0.501953125 0.033203125 0.0390625
1 0.3896484375 0.447265625 0.03125 0.044921875
1 0.4326171875 0.5048828125 0.044921875 0.0546875
1 0.4365234375 0.4384765625 0.0390625 0.05078125
1 0.4794921875 0.5078125 0.03515625 0.0390625
1 0.482421875 0.447265625 0.03515625 0.056640625
1 0.521484375 0.517578125 0.0234375 0.03125
1 0.525390625 0.46875 0.01171875 0.025390625
1 0.435546875 0.58984375 0.04296875 0.0546875
