1 0.3486328125 0.4677734375 0.009765625 0.0283203125
1 0.3583984375 0.564453125 0.0146484375 0.1201171875
1 0.38671875 0.5205078125 0.037109375 0.0478515625
1 0.3896484375 0.580078125 0.033203125 0.0478515625
1 0.435546875 0.515625 0.0439453125 0.0615234375
1 0.4365234375 0.580078125 0.037109375 0.044921875
1 0.4833984375 0.5185546875 0.03515625 0.0419921875
1 0.484375 0.57421875 0.041015625 0.0576171875
1 0.5244140625 0.50390625 0.0234375 0.0361328125
1 0.5302734375 0.55078125 0.017578125 0.0205078125
1 0.4404296875 0.42578125 0.0439453125 0.056640625
