1 0.3505859375 0.53125 0.013671875 0.02734375
1 0.3564453125 0.43359375 0.01953125 0.126953125
1 0.3857421875 0.4736328125 0.037109375 0.046875
1 0.388671875 0.4169921875 0.03125 0.044921875
1 0.4345703125 0.478515625 0.0390625 0.05859375
1 0.4375 0.4150390625 0.0390625 0.04296875
1 0.4814453125 0.482421875 0.033203125 0.044921875
1 0.482421875 0.4267578125 0.03515625 0.05078125
1 0.525390625 0.4921875 0.0234375 0.0390625
1 0.53125 0.439453125 0.01953125 0.029296875
1 0.439453125 0.56640625 0.046875 0.064453125
