1 0.3505859375 0.4716796875 0.0146484375 0.0263671875
1 0.3564453125 0.5654296875 0.0205078125 0.12890625
1 0.384765625 0.5263671875 0.0400390625 0.046875
1 0.392578125 0.5810546875 0.0361328125 0.0546875
1 0.435546875 0.521484375 0.046875 0.0546875
1 0.4375 0.5908203125 0.041015625 0.0498046875
1 0.48046875 0.5185546875 0.0341796875 0.044921875
1 0.484375 0.5791015625 0.0361328125 0.05859375
1 0.5224609375 0.5068359375 0.025390625 0.0458984375
1 0.5283203125 0.5634765625 0.0107421875 0.029296875
1 0.4365234375 0.4375 0.0419921875 0.068359375
