1 0.6015625 0.6240234375 0.044921875 0.0390625
1 0.5078125 0.6201171875 0.08984375 0.048828125
1 0.5498046875 0.5673828125 0.029296875 0.041015625
1 0.4912109375 0.5703125 0.0703125 0.046875
1 0.546875 0.5166015625 0.01953125 0.017578125
1 0.5244140625 0.521484375 0.025390625 0.03515625
1 0.48046875 0.53125 0.04296875 0.01171875
1 0.580078125 0.5361328125 0.05078125 0.015625
1 0.578125 0.5009765625 0.046875 0.01953125
1 0.498046875 0.494140625 0.0625 0.015625
1 0.564453125 0.4736328125 0.0546875 0.01953125
1 0.4951171875 0.4716796875 0.048828125 0.025390625
1 0.486328125 0.4482421875 0.046875 0.015625
1 0.5517578125 0.419921875 0.123046875 0.03515625
1 0.6494140625 0.4765625 0.05078125 0.03515625
1 0.654296875 0.51953125 0.04296875 0.037109375
1 0.65234375 0.5615234375 0.0546875 0.02734375
