0 0.318359375 0.7890625 0.029296875 0.029296875
0 0.3056640625 0.8291015625 0.0234375 0.025390625
0 0.359375 0.466796875 0.03125 0.037109375
0 0.3505859375 0.619140625 0.0263671875 0.03125
0 0.349609375 0.669921875 0.0361328125 0.0283203125
0 0.251953125 0.66015625 0.0283203125 0.0185546875
0 0.4169921875 0.416015625 0.021484375 0.0205078125
0 0.3984375 0.111328125 0.0263671875 0.03125
0 0.4248046875 0.0986328125 0.0205078125 0.0283203125
0 0.470703125 0.578125 0.0263671875 0.0234375
0 0.41796875 0.587890625 0.029296875 0.0185546875
0 0.416015625 0.6376953125 0.021484375 0.033203125
0 0.4462890625 0.6962890625 0.0263671875 0.021484375
