1 0.34765625 0.4697265625 0.01171875 0.0234375
1 0.3544921875 0.5673828125 0.01953125 0.1240234375
1 0.38671875 0.53125 0.0361328125 0.0380859375
1 0.3876953125 0.58203125 0.0302734375 0.0322265625
1 0.4365234375 0.5234375 0.0419921875 0.060546875
1 0.4384765625 0.587890625 0.0380859375 0.0419921875
1 0.48046875 0.5166015625 0.0361328125 0.0478515625
1 0.484375 0.5810546875 0.0341796875 0.05859375
1 0.5263671875 0.5048828125 0.0166015625 0.041015625
1 0.529296875 0.5615234375 0.0185546875 0.029296875
1 0.4375 0.427734375 0.044921875 0.0673828125
