0 0.791015625 0.529296875 0.0703125 0.076171875
0 0.7646484375 0.580078125 0.044921875 0.046875
0 0.9326171875 0.5908203125 0.037109375 0.044921875
0 0.9501953125 0.548828125 0.04296875 0.046875
0 0.953125 0.6328125 0.037109375 0.05078125
0 0.9013671875 0.6259765625 0.044921875 0.04296875
0 0.912109375 0.5498046875 0.041015625 0.05078125
0 0.7451171875 0.4912109375 0.03515625 0.041015625
0 0.7626953125 0.6201171875 0.037109375 0.03515625
0 0.7900390625 0.6884765625 0.041015625 0.046875
0 0.66796875 0.5908203125 0.044921875 0.056640625
0 0.6474609375 0.5546875 0.037109375 0.05078125
0 0.4951171875 0.544921875 0.056640625 0.06640625
0 0.5478515625 0.544921875 0.03515625 0.05078125
0 0.431640625 0.435546875 0.05078125 0.056640625
0 0.408203125 0.498046875 0.044921875 0.05859375
0 0.412109375 0.5615234375 0.046875 0.064453125
0 0.3828125 0.6142578125 0.044921875 0.072265625
0 0.3125 0.623046875 0.05078125 0.072265625
0 0.2939453125 0.5048828125 0.048828125 0.05859375
0 0.3623046875 0.5380859375 0.05078125 0.0625
0 0.333984375 0.4453125 0.046875 0.06640625
0 0.623046875 0.435546875 0.041015625 0.04296875
0 0.580078125 0.498046875 0.046875 0.05859375
0 0.5576171875 0.4501953125 0.041015625 0.05078125
0 0.5126953125 0.443359375 0.04296875 0.048828125
0 0.212890625 0.455078125 0.046875 0.064453125
0 0.1953125 0.6123046875 0.056640625 0.078125
