0 0.607421875 0.6201171875 0.02734375 0.03125
0 0.6376953125 0.5458984375 0.025390625 0.02734375
0 0.732421875 0.416015625 0.0234375 0.0234375
0 0.755859375 0.40625 0.01953125 0.02734375
0 0.771484375 0.37109375 0.01953125 0.02734375
0 0.7890625 0.328125 0.02734375 0.03515625
0 0.7744140625 0.283203125 0.01953125 0.03515625
0 0.7158203125 0.2880859375 0.029296875 0.025390625
0 0.6533203125 0.26953125 0.021484375 0.025390625
0 0.62109375 0.162109375 0.01953125 0.03125
0 0.587890625 0.142578125 0.01953125 0.021484375
0 0.658203125 0.1181640625 0.021484375 0.029296875
0 0.7001953125 0.1669921875 0.03125 0.02734375
0 0.75390625 0.1669921875 0.02734375 0.025390625
0 0.7880859375 0.1728515625 0.02734375 0.0390625
0 0.8076171875 0.236328125 0.03515625 0.03515625
0 0.8056640625 0.44921875 0.025390625 0.03125
0 0.75 0.4521484375 0.025390625 0.03125
0 0.8798828125 0.3984375 0.02734375 0.029296875
0 0.2060546875 0.33203125 0.0234375 0.01953125
0 0.2080078125 0.396484375 0.021484375 0.03515625
0 0.208984375 0.3125 0.021484375 0.021484375
0 0.2412109375 0.1669921875 0.021484375 0.03125
0 0.24609375 0.1201171875 0.02734375 0.03515625
0 0.330078125 0.404296875 0.021484375 0.037109375
0 0.6904296875 0.810546875 0.0234375 0.02734375
0 0.701171875 0.759765625 0.02734375 0.029296875
0 0.7900390625 0.724609375 0.03515625 0.029296875
