1 0.345703125 0.4423828125 0.01171875 0.033203125
1 0.3544921875 0.5390625 0.0185546875 0.1259765625
1 0.3837890625 0.5107421875 0.03515625 0.046875
1 0.3876953125 0.5546875 0.03515625 0.0439453125
1 0.43359375 0.49609375 0.046875 0.0625
1 0.4365234375 0.56640625 0.0419921875 0.0546875
1 0.4814453125 0.4951171875 0.0361328125 0.04296875
1 0.4833984375 0.5537109375 0.03515625 0.0556640625
1 0.5224609375 0.482421875 0.0205078125 0.0390625
1 0.52734375 0.5322265625 0.01953125 0.0234375
1 0.4375 0.4111328125 0.044921875 0.0546875
