1 0.373046875 0.388671875 0.0478515625 0.037109375
1 0.3798828125 0.49609375 0.0439453125 0.064453125
1 0.4345703125 0.443359375 0.0400390625 0.033203125
1 0.4306640625 0.4990234375 0.0419921875 0.068359375
1 0.4765625 0.46875 0.0302734375 0.029296875
1 0.4677734375 0.51171875 0.0185546875 0.0517578125
1 0.501953125 0.4970703125 0.013671875 0.0712890625
1 0.4990234375 0.4150390625 0.0146484375 0.0419921875
1 0.5263671875 0.4287109375 0.0234375 0.060546875
1 0.529296875 0.50390625 0.025390625 0.0517578125
1 0.5517578125 0.505859375 0.015625 0.0390625
1 0.578125 0.443359375 0.03515625 0.1201171875
1 0.5234375 0.3583984375 0.041015625 0.015625
1 0.4677734375 0.4150390625 0.0166015625 0.0400390625
