0 0.4521484375 0.501953125 0.04296875 0.03515625
0 0.5986328125 0.513671875 0.041015625 0.03125
0 0.5947265625 0.626953125 0.046875 0.037109375
0 0.4541015625 0.615234375 0.046875 0.03515625
0 0.884765625 0.541015625 0.03515625 0.03125
0 0.9892578125 0.501953125 0.021484375 0.03125
0 0.1484375 0.5009765625 0.037109375 0.037109375
0 0.2021484375 0.49609375 0.03515625 0.025390625
0 0.146484375 0.4580078125 0.037109375 0.03515625
0 0.15234375 0.5654296875 0.03515625 0.02734375
0 0.154296875 0.6142578125 0.03125 0.029296875
0 0.060546875 0.548828125 0.03515625 0.03125
0 0.1552734375 0.357421875 0.037109375 0.029296875
0 0.158203125 0.3857421875 0.03125 0.02734375
