1 0.6533203125 0.5361328125 0.01171875 0.03515625
1 0.642578125 0.439453125 0.01953125 0.109375
1 0.6142578125 0.482421875 0.03515625 0.05078125
1 0.609375 0.4228515625 0.03515625 0.048828125
1 0.5673828125 0.486328125 0.046875 0.0546875
1 0.5634765625 0.4189453125 0.037109375 0.05859375
1 0.51953125 0.4912109375 0.037109375 0.046875
1 0.5146484375 0.4306640625 0.03515625 0.056640625
1 0.4755859375 0.5009765625 0.0234375 0.03515625
1 0.4736328125 0.4521484375 0.015625 0.03515625
1 0.5634765625 0.5771484375 0.04296875 0.072265625
