0 0.1435546875 0.447265625 0.029296875 0.0390625
0 0.5703125 0.3232421875 0.03125 0.0361328125
0 0.5478515625 0.28125 0.029296875 0.0419921875
0 0.4794921875 0.322265625 0.0341796875 0.037109375
0 0.4326171875 0.3408203125 0.041015625 0.041015625
0 0.3876953125 0.3330078125 0.0341796875 0.037109375
0 0.427734375 0.544921875 0.0341796875 0.0439453125
0 0.3408203125 0.58203125 0.041015625 0.0341796875
0 0.32421875 0.6259765625 0.0341796875 0.03125
0 0.322265625 0.6630859375 0.0439453125 0.0341796875
0 0.23828125 0.5556640625 0.0341796875 0.0361328125
0 0.234375 0.5732421875 0.037109375 0.037109375
0 0.2705078125 0.5419921875 0.025390625 0.0390625
0 0.271484375 0.5732421875 0.0283203125 0.0341796875
0 0.078125 0.669921875 0.0263671875 0.0498046875
0 0.1259765625 0.4970703125 0.0283203125 0.041015625
0 0.1005859375 0.29296875 0.029296875 0.0439453125
0 0.12890625 0.294921875 0.0283203125 0.0439453125
0 0.0283203125 0.41796875 0.0341796875 0.0361328125
0 0.2880859375 0.3291015625 0.025390625 0.0439453125
0 0.326171875 0.3291015625 0.021484375 0.0439453125
0 0.6298828125 0.6748046875 0.037109375 0.056640625
0 0.564453125 0.6650390625 0.0341796875 0.041015625
0 0.6357421875 0.818359375 0.046875 0.0595703125
0 0.705078125 0.8359375 0.0439453125 0.0439453125
0 0.84765625 0.8359375 0.0283203125 0.0439453125
0 0.82421875 0.716796875 0.033203125 0.041015625
0 0.798828125 0.5029296875 0.0341796875 0.046875
0 0.7763671875 0.384765625 0.021484375 0.046875
0 0.822265625 0.3017578125 0.037109375 0.046875
0 0.9072265625 0.412109375 0.0361328125 0.0361328125
0 0.9501953125 0.6337890625 0.0419921875 0.0625
0 0.435546875 0.6259765625 0.0205078125 0.0361328125
0 0.466796875 0.619140625 0.021484375 0.0341796875
0 0.400390625 0.6171875 0.0283203125 0.0361328125
0 0.5126953125 0.18359375 0.0283203125 0.0439453125
0 0.8486328125 0.1806640625 0.037109375 0.037109375
0 0.5947265625 0.5537109375 0.0283203125 0.046875
0 0.4794921875 0.830078125 0.03125 0.0341796875
0 0.7431640625 0.701171875 0.037109375 0.0361328125
0 0.736328125 0.6220703125 0.025390625 0.041015625
0 0.7060546875 0.5947265625 0.033203125 0.041015625
