0 0.4072265625 0.6591796875 0.0283203125 0.029296875
0 0.431640625 0.67578125 0.0234375 0.025390625
0 0.435546875 0.576171875 0.025390625 0.025390625
0 0.4443359375 0.5205078125 0.0185546875 0.021484375
0 0.455078125 0.49609375 0.021484375 0.0283203125
0 0.50390625 0.466796875 0.021484375 0.021484375
0 0.421875 0.3935546875 0.03125 0.03125
0 0.5244140625 0.3076171875 0.025390625 0.021484375
0 0.447265625 0.26171875 0.025390625 0.029296875
0 0.708984375 0.517578125 0.021484375 0.0185546875
0 0.6826171875 0.595703125 0.0234375 0.021484375
0 0.66015625 0.619140625 0.0283203125 0.03125
0 0.66015625 0.576171875 0.021484375 0.0185546875
0 0.6435546875 0.599609375 0.025390625 0.025390625
0 0.572265625 0.615234375 0.0283203125 0.0283203125
0 0.599609375 0.7705078125 0.025390625 0.025390625
0 0.6904296875 0.70703125 0.025390625 0.025390625
0 0.693359375 0.798828125 0.0341796875 0.033203125
0 0.4638671875 0.9052734375 0.0341796875 0.0341796875
0 0.38671875 0.751953125 0.021484375 0.025390625
0 0.337890625 0.7333984375 0.025390625 0.021484375
0 0.287109375 0.7236328125 0.021484375 0.0341796875
0 0.40234375 0.806640625 0.025390625 0.0263671875
0 0.404296875 0.6064453125 0.017578125 0.0185546875
0 0.43359375 0.595703125 0.021484375 0.0205078125
0 0.439453125 0.6083984375 0.017578125 0.025390625
0 0.3994140625 0.591796875 0.0283203125 0.0263671875
0 0.3369140625 0.763671875 0.0263671875 0.0185546875
0 0.732421875 0.5537109375 0.0234375 0.0283203125
4 0.80859375 0.6630859375 0.041015625 0.0595703125
4 0.783203125 0.720703125 0.0361328125 0.037109375
4 0.759765625 0.755859375 0.037109375 0.037109375
4 0.685546875 0.8310546875 0.025390625 0.037109375
4 0.646484375 0.8486328125 0.0439453125 0.033203125
