1 0.373046875 0.3818359375 0.04296875 0.04296875
1 0.380859375 0.4345703125 0.046875 0.03515625
1 0.3818359375 0.494140625 0.046875 0.07421875
1 0.4345703125 0.4365234375 0.0390625 0.03125
1 0.431640625 0.4892578125 0.046875 0.0546875
1 0.4853515625 0.490234375 0.05078125 0.0625
1 0.484375 0.4375 0.015625 0.01171875
1 0.4970703125 0.4111328125 0.01953125 0.0390625
1 0.4638671875 0.4228515625 0.015625 0.01171875
1 0.5263671875 0.4287109375 0.0234375 0.056640625
1 0.5263671875 0.4970703125 0.02734375 0.044921875
1 0.552734375 0.49609375 0.017578125 0.04296875
1 0.5791015625 0.43359375 0.03515625 0.11328125
1 0.6103515625 0.4072265625 0.0078125 0.091796875
1 0.521484375 0.3544921875 0.03125 0.015625
1 0.4658203125 0.3974609375 0.01171875 0.025390625
1 0.48046875 0.3876953125 0.009765625 0.017578125
