1 0.357421875 0.5322265625 0.0185546875 0.1357421875
1 0.38671875 0.53515625 0.037109375 0.0927734375
1 0.43359375 0.4736328125 0.0341796875 0.0107421875
1 0.4326171875 0.5048828125 0.0458984375 0.029296875
1 0.4365234375 0.5625 0.0400390625 0.0498046875
1 0.482421875 0.49609375 0.0341796875 0.0380859375
1 0.4814453125 0.5517578125 0.0341796875 0.05078125
1 0.5205078125 0.484375 0.0283203125 0.033203125
1 0.5244140625 0.5380859375 0.01953125 0.0478515625
1 0.4384765625 0.4169921875 0.0419921875 0.04296875
