1 0.3623046875 0.634765625 0.0146484375 0.1376953125
1 0.388671875 0.5966796875 0.0400390625 0.0458984375
1 0.3916015625 0.6513671875 0.0380859375 0.0498046875
1 0.4365234375 0.5908203125 0.0390625 0.056640625
1 0.44140625 0.6611328125 0.04296875 0.046875
1 0.4853515625 0.587890625 0.03515625 0.037109375
1 0.484375 0.6435546875 0.0380859375 0.0546875
1 0.521484375 0.576171875 0.0244140625 0.05078125
1 0.5234375 0.6357421875 0.0283203125 0.04296875
1 0.4384765625 0.50390625 0.0458984375 0.0615234375
