1 0.623046875 0.6240234375 0.05078125 0.04296875
1 0.5224609375 0.6201171875 0.103515625 0.046875
1 0.5205078125 0.5673828125 0.1015625 0.046875
1 0.5625 0.515625 0.01953125 0.0234375
1 0.5380859375 0.515625 0.0234375 0.044921875
1 0.4970703125 0.53125 0.04296875 0.01953125
1 0.4912109375 0.4970703125 0.05078125 0.01953125
1 0.501953125 0.4638671875 0.0390625 0.046875
1 0.5771484375 0.4736328125 0.06640625 0.02734375
1 0.58984375 0.50390625 0.03515625 0.01953125
1 0.5654296875 0.4169921875 0.12109375 0.03515625
1 0.6494140625 0.478515625 0.01953125 0.037109375
1 0.5830078125 0.5361328125 0.015625 0.015625
1 0.6640625 0.521484375 0.021484375 0.03515625
