1 0.3466796875 0.4453125 0.0126953125 0.0302734375
1 0.3564453125 0.544921875 0.01953125 0.1181640625
1 0.3857421875 0.5048828125 0.0380859375 0.0380859375
1 0.3896484375 0.5576171875 0.0322265625 0.0390625
1 0.4326171875 0.4990234375 0.0439453125 0.0595703125
1 0.4384765625 0.56640625 0.0400390625 0.0537109375
1 0.482421875 0.4990234375 0.0361328125 0.0380859375
1 0.482421875 0.5576171875 0.0341796875 0.05859375
1 0.5244140625 0.482421875 0.03125 0.0419921875
1 0.52734375 0.533203125 0.01953125 0.0419921875
1 0.439453125 0.41015625 0.048828125 0.05859375
