1 0.654296875 0.5556640625 0.01171875 0.017578125
1 0.6435546875 0.4609375 0.01953125 0.123046875
1 0.6142578125 0.5009765625 0.033203125 0.03125
1 0.6103515625 0.4443359375 0.03125 0.05078125
1 0.56640625 0.5048828125 0.041015625 0.0546875
1 0.5634765625 0.435546875 0.04296875 0.05078125
1 0.5205078125 0.5068359375 0.037109375 0.03125
1 0.51953125 0.4521484375 0.03515625 0.05078125
1 0.478515625 0.517578125 0.01953125 0.0390625
1 0.4716796875 0.46484375 0.015625 0.0234375
1 0.5634765625 0.5888671875 0.04296875 0.048828125
