4 0.422743056640625 0.285493826171875 0.423611111328125 0.1234567890625 0.377604166015625 0.1234567890625 0.374131943359375 0.29012345703125 0.422743056640625 0.285493826171875
4 0.2421875 0.29938271484375 0.239583333984375 0.138888888671875 0.194444443359375 0.14197530859375 0.194444443359375 0.304012345703125 0.2421875 0.29938271484375
4 0.39409722265625 0.861111111328125 0.44184027734375 0.861111111328125 0.442708333984375 0.7052469140625 0.396701388671875 0.703703703125 0.39409722265625 0.861111111328125
4 0.201388888671875 0.882716048828125 0.249131943359375 0.878086419921875 0.25 0.729938271484375 0.203125 0.729938271484375 0.201388888671875 0.882716048828125
4 0.5546875 0.6805555546875 0.64409722265625 0.67746913671875 0.64409722265625 0.615740740234375 0.55034722265625 0.621913580078125 0.5546875 0.6805555546875
4 0.641493056640625 0.5910493828125 0.641493056640625 0.541666666015625 0.548611111328125 0.54938271484375 0.55121527734375 0.59722222265625 0.641493056640625 0.5910493828125
4 0.654513888671875 0.9089506171875 0.65190972265625 0.86882716015625 0.55815972265625 0.8765432109375 0.560763888671875 0.929012345703125 0.654513888671875 0.9089506171875
4 0.653645833984375 0.8410493828125 0.65190972265625 0.782407408203125 0.611979166015625 0.785493826171875 0.62847222265625 0.844135802734375 0.653645833984375 0.8410493828125
4 0.650173611328125 0.422839505859375 0.647569443359375 0.36882716015625 0.596354166015625 0.371913580078125 0.596354166015625 0.42746913671875 0.650173611328125 0.422839505859375
4 0.650173611328125 0.342592591796875 0.65190972265625 0.293209876953125 0.592013888671875 0.297839505859375 0.627604166015625 0.342592591796875 0.650173611328125 0.342592591796875
4 0.65625 0.1018518515625 0.655381943359375 0.038580248046875 0.560763888671875 0.046296296875 0.5625 0.0910493828125 0.65625 0.1018518515625
4 0.561631943359375 0.140432099609375 0.657118056640625 0.137345677734375 0.655381943359375 0.10802469140625 0.5625 0.109567900390625 0.561631943359375 0.140432099609375
