0 0.7724609375 0.484375 0.0185546875 0.029296875
0 0.755859375 0.3115234375 0.013671875 0.0283203125
0 0.7197265625 0.517578125 0.017578125 0.025390625
0 0.697265625 0.51953125 0.0185546875 0.0205078125
0 0.685546875 0.4990234375 0.0185546875 0.0283203125
0 0.685546875 0.400390625 0.017578125 0.017578125
0 0.6298828125 0.400390625 0.0126953125 0.025390625
0 0.623046875 0.443359375 0.015625 0.0263671875
0 0.607421875 0.4453125 0.0107421875 0.0234375
0 0.5517578125 0.419921875 0.015625 0.0205078125
0 0.505859375 0.4833984375 0.015625 0.021484375
0 0.494140625 0.53125 0.013671875 0.0283203125
0 0.451171875 0.4521484375 0.017578125 0.0234375
0 0.4296875 0.505859375 0.015625 0.021484375
0 0.408203125 0.505859375 0.0185546875 0.0263671875
0 0.365234375 0.45703125 0.0185546875 0.021484375
0 0.318359375 0.4169921875 0.0126953125 0.025390625
