1 0.65234375 0.544921875 0.0078125 0.029296875
1 0.642578125 0.44921875 0.01953125 0.119140625
1 0.6142578125 0.4794921875 0.03515625 0.041015625
1 0.607421875 0.4296875 0.03515625 0.046875
1 0.5654296875 0.490234375 0.04296875 0.05859375
1 0.5634765625 0.4287109375 0.03515625 0.0546875
1 0.5185546875 0.4873046875 0.03515625 0.03515625
1 0.517578125 0.43359375 0.037109375 0.0546875
1 0.4765625 0.515625 0.025390625 0.046875
1 0.470703125 0.4541015625 0.017578125 0.037109375
1 0.5634765625 0.5791015625 0.04296875 0.06640625
