1 0.455078125 0.3466796875 0.029296875 0.009765625
1 0.5546875 0.357421875 0.123046875 0.01953125
1 0.5107421875 0.3857421875 0.046875 0.041015625
1 0.5673828125 0.3876953125 0.04296875 0.03515625
1 0.5068359375 0.4345703125 0.05078125 0.04296875
1 0.57421875 0.4345703125 0.046875 0.041015625
1 0.505859375 0.4775390625 0.03515625 0.03515625
1 0.5615234375 0.482421875 0.046875 0.03515625
1 0.4912109375 0.5224609375 0.025390625 0.0234375
1 0.5458984375 0.5302734375 0.021484375 0.017578125
1 0.41796875 0.439453125 0.0625 0.046875
