0 0.6484375 0.4306640625 0.01953125 0.021484375
0 0.595703125 0.4892578125 0.021484375 0.037109375
0 0.5390625 0.462890625 0.02734375 0.037109375
0 0.55078125 0.3544921875 0.015625 0.02734375
0 0.564453125 0.38671875 0.021484375 0.025390625
0 0.50390625 0.400390625 0.021484375 0.03515625
0 0.4990234375 0.5791015625 0.02734375 0.025390625
0 0.556640625 0.6494140625 0.02734375 0.021484375
0 0.423828125 0.6806640625 0.02734375 0.037109375
0 0.5029296875 0.650390625 0.02734375 0.02734375
0 0.6826171875 0.45703125 0.0234375 0.03125
0 0.7255859375 0.490234375 0.025390625 0.03515625
0 0.705078125 0.505859375 0.025390625 0.03125
0 0.638671875 0.59375 0.017578125 0.03125
0 0.6171875 0.396484375 0.017578125 0.037109375
0 0.515625 0.318359375 0.025390625 0.029296875
0 0.369140625 0.521484375 0.021484375 0.0234375
0 0.349609375 0.548828125 0.01953125 0.021484375
0 0.3828125 0.412109375 0.01953125 0.025390625
0 0.390625 0.3701171875 0.015625 0.02734375
0 0.3837890625 0.33984375 0.01171875 0.02734375
0 0.3603515625 0.3369140625 0.017578125 0.017578125
