1 0.3466796875 0.4404296875 0.0146484375 0.0302734375
1 0.3564453125 0.53515625 0.017578125 0.1318359375
1 0.384765625 0.4990234375 0.0361328125 0.0498046875
1 0.38671875 0.5556640625 0.0322265625 0.0439453125
1 0.4326171875 0.494140625 0.041015625 0.060546875
1 0.4365234375 0.5634765625 0.0361328125 0.044921875
1 0.478515625 0.4990234375 0.0380859375 0.0361328125
1 0.48046875 0.5546875 0.0361328125 0.0546875
1 0.5234375 0.4794921875 0.0224609375 0.03515625
1 0.5263671875 0.5341796875 0.0146484375 0.0322265625
1 0.4375 0.4111328125 0.0498046875 0.0595703125
