1 0.6015625 0.3720703125 0.04296875 0.037109375
1 0.5126953125 0.3818359375 0.08984375 0.046875
1 0.5498046875 0.4345703125 0.02734375 0.04296875
1 0.498046875 0.4306640625 0.06640625 0.048828125
1 0.5478515625 0.4833984375 0.017578125 0.015625
1 0.521484375 0.4833984375 0.025390625 0.04296875
1 0.4833984375 0.46875 0.041015625 0.017578125
1 0.4853515625 0.501953125 0.037109375 0.01171875
1 0.578125 0.4970703125 0.0390625 0.017578125
1 0.5791015625 0.4638671875 0.04296875 0.01171875
1 0.5625 0.5244140625 0.05859375 0.021484375
1 0.4912109375 0.52734375 0.046875 0.021484375
1 0.4853515625 0.552734375 0.04296875 0.013671875
1 0.552734375 0.5810546875 0.109375 0.029296875
1 0.6328125 0.5234375 0.015625 0.02734375
