0 0.8564453125 0.447265625 0.029296875 0.0390625
0 0.4296875 0.3232421875 0.03125 0.0361328125
0 0.4521484375 0.28125 0.029296875 0.0419921875
0 0.5205078125 0.322265625 0.0341796875 0.037109375
0 0.5673828125 0.3408203125 0.041015625 0.041015625
0 0.6123046875 0.3330078125 0.0341796875 0.037109375
0 0.572265625 0.544921875 0.0341796875 0.0439453125
0 0.6591796875 0.58203125 0.041015625 0.0341796875
0 0.67578125 0.6259765625 0.0341796875 0.03125
0 0.677734375 0.6630859375 0.0439453125 0.0341796875
0 0.76171875 0.5556640625 0.0341796875 0.0361328125
0 0.765625 0.5732421875 0.037109375 0.037109375
0 0.7294921875 0.5419921875 0.025390625 0.0390625
0 0.728515625 0.5732421875 0.0283203125 0.0341796875
0 0.921875 0.669921875 0.0263671875 0.0498046875
0 0.8740234375 0.4970703125 0.0283203125 0.041015625
0 0.8994140625 0.29296875 0.029296875 0.0439453125
0 0.87109375 0.294921875 0.0283203125 0.0439453125
0 0.9716796875 0.41796875 0.0341796875 0.0361328125
0 0.7119140625 0.3291015625 0.025390625 0.0439453125
0 0.673828125 0.3291015625 0.021484375 0.0439453125
0 0.3701171875 0.6748046875 0.037109375 0.056640625
0 0.435546875 0.6650390625 0.0341796875 0.041015625
0 0.3642578125 0.818359375 0.046875 0.0595703125
0 0.294921875 0.8359375 0.0439453125 0.0439453125
0 0.15234375 0.8359375 0.0283203125 0.0439453125
0 0.17578125 0.716796875 0.033203125 0.041015625
0 0.201171875 0.5029296875 0.0341796875 0.046875
0 0.2236328125 0.384765625 0.021484375 0.046875
0 0.177734375 0.3017578125 0.037109375 0.046875
0 0.0927734375 0.412109375 0.0361328125 0.0361328125
0 0.0498046875 0.6337890625 0.0419921875 0.0625
0 0.564453125 0.6259765625 0.0205078125 0.0361328125
0 0.533203125 0.619140625 0.021484375 0.0341796875
0 0.599609375 0.6171875 0.0283203125 0.0361328125
0 0.4873046875 0.18359375 0.0283203125 0.0439453125
0 0.1513671875 0.1806640625 0.037109375 0.037109375
0 0.4052734375 0.5537109375 0.0283203125 0.046875
0 0.5205078125 0.830078125 0.03125 0.0341796875
0 0.2568359375 0.701171875 0.037109375 0.0361328125
0 0.263671875 0.6220703125 0.025390625 0.041015625
0 0.2939453125 0.5947265625 0.033203125 0.041015625
