1 0.55078125 0.65234375 0.03125 0.01171875
1 0.45703125 0.6435546875 0.111328125 0.017578125
1 0.5 0.6162109375 0.046875 0.03515625
1 0.4423828125 0.6123046875 0.05859375 0.03125
1 0.5 0.5654296875 0.0546875 0.04296875
1 0.4326171875 0.56640625 0.0546875 0.04296875
1 0.5 0.5205078125 0.0390625 0.0390625
1 0.4423828125 0.5166015625 0.05859375 0.033203125
1 0.5185546875 0.4775390625 0.04296875 0.0234375
1 0.4638671875 0.4736328125 0.02734375 0.01953125
1 0.591796875 0.560546875 0.07421875 0.04296875
