1 0.3486328125 0.4599609375 0.0126953125 0.029296875
1 0.357421875 0.5556640625 0.01953125 0.123046875
1 0.384765625 0.5146484375 0.037109375 0.0458984375
1 0.388671875 0.572265625 0.037109375 0.0439453125
1 0.435546875 0.509765625 0.044921875 0.052734375
1 0.4384765625 0.572265625 0.03515625 0.0419921875
1 0.4814453125 0.5087890625 0.0341796875 0.04296875
1 0.4814453125 0.56640625 0.037109375 0.052734375
1 0.5244140625 0.4912109375 0.025390625 0.029296875
1 0.52734375 0.544921875 0.013671875 0.0380859375
1 0.435546875 0.4228515625 0.0498046875 0.0654296875
