1 0.3759765625 0.4306640625 0.0400390625 0.060546875
1 0.3837890625 0.529296875 0.046875 0.0986328125
1 0.435546875 0.4853515625 0.03515625 0.0341796875
1 0.4326171875 0.5439453125 0.0419921875 0.0712890625
1 0.46484375 0.453125 0.017578125 0.0478515625
1 0.4853515625 0.490234375 0.017578125 0.017578125
1 0.4775390625 0.515625 0.0322265625 0.0234375
1 0.4697265625 0.5546875 0.0166015625 0.0390625
1 0.498046875 0.4580078125 0.0166015625 0.03515625
1 0.5009765625 0.5361328125 0.0166015625 0.0654296875
1 0.525390625 0.46875 0.0185546875 0.060546875
1 0.5380859375 0.5419921875 0.0419921875 0.0576171875
1 0.580078125 0.4814453125 0.0380859375 0.1240234375
1 0.5224609375 0.3837890625 0.029296875 0.0576171875
1 0.4814453125 0.3798828125 0.0361328125 0.048828125
1 0.4384765625 0.37890625 0.025390625 0.0517578125
