1 0.3740234375 0.61328125 0.04296875 0.046875
1 0.3798828125 0.51953125 0.05078125 0.1015625
1 0.43359375 0.5576171875 0.04296875 0.03125
1 0.431640625 0.505859375 0.04296875 0.06640625
1 0.478515625 0.53125 0.03515625 0.01953125
1 0.4677734375 0.4912109375 0.017578125 0.044921875
1 0.4833984375 0.560546875 0.015625 0.01171875
1 0.498046875 0.5849609375 0.015625 0.03515625
1 0.5029296875 0.5048828125 0.01171875 0.072265625
1 0.5263671875 0.572265625 0.025390625 0.0625
1 0.52734375 0.498046875 0.0234375 0.044921875
1 0.552734375 0.4990234375 0.01171875 0.05078125
1 0.580078125 0.5615234375 0.029296875 0.12109375
1 0.5224609375 0.6435546875 0.03125 0.01953125
1 0.4638671875 0.5908203125 0.01953125 0.04296875
