1 0.3466796875 0.439453125 0.015625 0.02734375
1 0.35546875 0.5458984375 0.021484375 0.10546875
1 0.3857421875 0.50390625 0.0390625 0.03125
1 0.38671875 0.5537109375 0.03125 0.044921875
1 0.4287109375 0.4765625 0.03515625 0.015625
1 0.43359375 0.5078125 0.041015625 0.03515625
1 0.435546875 0.5625 0.0390625 0.05078125
1 0.48046875 0.490234375 0.0390625 0.041015625
1 0.4833984375 0.552734375 0.037109375 0.05859375
1 0.5205078125 0.484375 0.03125 0.037109375
1 0.5224609375 0.54296875 0.01953125 0.04296875
