0 0.4697265625 0.4375 0.03515625 0.041015625
0 0.513671875 0.2138671875 0.03515625 0.03515625
0 0.5478515625 0.1923828125 0.03125 0.03515625
0 0.5751953125 0.119140625 0.0234375 0.02734375
0 0.66796875 0.240234375 0.03515625 0.02734375
0 0.5576171875 0.3955078125 0.0390625 0.0390625
0 0.5947265625 0.580078125 0.03125 0.03515625
0 0.599609375 0.41015625 0.033203125 0.0390625
0 0.6357421875 0.423828125 0.033203125 0.02734375
0 0.646484375 0.396484375 0.029296875 0.02734375
0 0.537109375 0.4482421875 0.0390625 0.03515625
0 0.6953125 0.435546875 0.033203125 0.04296875
