1 0.3740234375 0.4248046875 0.037109375 0.044921875
1 0.380859375 0.5146484375 0.0478515625 0.0986328125
1 0.431640625 0.517578125 0.0458984375 0.1083984375
1 0.4658203125 0.451171875 0.0126953125 0.037109375
1 0.484375 0.4794921875 0.013671875 0.0126953125
1 0.4970703125 0.4541015625 0.0146484375 0.041015625
1 0.4765625 0.50390625 0.03125 0.02734375
1 0.4697265625 0.544921875 0.0126953125 0.04296875
1 0.501953125 0.529296875 0.0126953125 0.0673828125
1 0.52734375 0.4658203125 0.0185546875 0.0576171875
1 0.5390625 0.5390625 0.0478515625 0.048828125
1 0.5791015625 0.4794921875 0.0341796875 0.12109375
1 0.5224609375 0.3759765625 0.0283203125 0.056640625
1 0.48046875 0.3740234375 0.041015625 0.0576171875
1 0.4423828125 0.373046875 0.0263671875 0.0595703125
