1 0.6220703125 0.4091796875 0.041015625 0.052734375
1 0.6181640625 0.498046875 0.044921875 0.09375
1 0.5654296875 0.4638671875 0.03515625 0.02734375
1 0.568359375 0.517578125 0.04296875 0.0703125
1 0.513671875 0.4658203125 0.01953125 0.013671875
1 0.5146484375 0.4921875 0.041015625 0.015625
1 0.529296875 0.52734375 0.017578125 0.04296875
1 0.47265625 0.5263671875 0.0703125 0.0390625
1 0.501953125 0.4384765625 0.015625 0.04296875
1 0.47265625 0.4453125 0.0234375 0.06640625
1 0.5322265625 0.4296875 0.017578125 0.044921875
1 0.5625 0.35546875 0.021484375 0.0546875
1 0.517578125 0.361328125 0.03515625 0.0546875
1 0.4755859375 0.3603515625 0.03125 0.05078125
1 0.419921875 0.4580078125 0.03515625 0.123046875
