1 0.4697265625 0.34765625 0.0234375 0.01171875
1 0.5673828125 0.3544921875 0.125 0.01953125
1 0.53125 0.38671875 0.0390625 0.03515625
1 0.58203125 0.3876953125 0.03125 0.03125
1 0.5234375 0.4365234375 0.060546875 0.04296875
1 0.587890625 0.4384765625 0.04296875 0.0390625
1 0.5166015625 0.48046875 0.046875 0.03515625
1 0.5810546875 0.484375 0.05859375 0.03515625
1 0.5048828125 0.5263671875 0.041015625 0.015625
1 0.5615234375 0.529296875 0.029296875 0.01953125
1 0.427734375 0.4375 0.06640625 0.044921875
