1 0.373046875 0.3955078125 0.0400390625 0.044921875
1 0.37890625 0.4921875 0.046875 0.099609375
1 0.4345703125 0.4501953125 0.0380859375 0.03515625
1 0.4306640625 0.5078125 0.0439453125 0.072265625
1 0.4814453125 0.455078125 0.01953125 0.015625
1 0.474609375 0.478515625 0.03515625 0.0166015625
1 0.46875 0.51953125 0.0146484375 0.0400390625
1 0.4677734375 0.4208984375 0.0146484375 0.0390625
1 0.498046875 0.427734375 0.0146484375 0.0380859375
1 0.5048828125 0.50390625 0.0146484375 0.076171875
1 0.5263671875 0.4384765625 0.0185546875 0.0625
1 0.52734375 0.5087890625 0.0263671875 0.046875
1 0.5537109375 0.5107421875 0.017578125 0.041015625
1 0.5810546875 0.4482421875 0.02734375 0.11328125
1 0.525390625 0.357421875 0.0283203125 0.0302734375
1 0.4814453125 0.34375 0.0361328125 0.0146484375
1 0.4404296875 0.349609375 0.0224609375 0.0390625
