1 0.55859375 0.345703125 0.02734375 0.01171875
1 0.4599609375 0.35546875 0.123046875 0.015625
1 0.5 0.3837890625 0.04296875 0.0390625
1 0.4443359375 0.3857421875 0.04296875 0.03515625
1 0.501953125 0.4326171875 0.0546875 0.05078125
1 0.4384765625 0.4345703125 0.05078125 0.04296875
1 0.5029296875 0.4794921875 0.046875 0.03515625
1 0.4453125 0.4814453125 0.05078125 0.03515625
1 0.5185546875 0.521484375 0.03515625 0.02734375
1 0.466796875 0.52734375 0.02734375 0.015625
1 0.5888671875 0.4375 0.0625 0.04296875
