1 0.3486328125 0.4462890625 0.0185546875 0.03125
1 0.35546875 0.5419921875 0.015625 0.1357421875
1 0.384765625 0.5068359375 0.03515625 0.033203125
1 0.388671875 0.5537109375 0.037109375 0.044921875
1 0.4326171875 0.4970703125 0.0439453125 0.05859375
1 0.435546875 0.5654296875 0.0419921875 0.0546875
1 0.4794921875 0.4951171875 0.0380859375 0.0400390625
1 0.48046875 0.5537109375 0.0361328125 0.0546875
1 0.5244140625 0.4775390625 0.0263671875 0.041015625
1 0.5263671875 0.5322265625 0.015625 0.029296875
1 0.4375 0.4111328125 0.0439453125 0.0615234375
