0 0.228515625 0.5478515625 0.041015625 0.056640625
0 0.083984375 0.6494140625 0.044921875 0.052734375
0 0.125 0.5302734375 0.044921875 0.056640625
0 0.064453125 0.482421875 0.037109375 0.037109375
0 0.056640625 0.4345703125 0.037109375 0.044921875
0 0.140625 0.40625 0.0390625 0.0546875
0 0.046875 0.361328125 0.05078125 0.052734375
0 0.2783203125 0.58984375 0.041015625 0.056640625
0 0.447265625 0.6513671875 0.037109375 0.03515625
0 0.45703125 0.623046875 0.03125 0.037109375
0 0.458984375 0.453125 0.03125 0.046875
0 0.5859375 0.7080078125 0.03515625 0.04296875
0 0.6748046875 0.69140625 0.046875 0.05078125
0 0.6240234375 0.564453125 0.05078125 0.04296875
0 0.59375 0.4677734375 0.056640625 0.04296875
0 0.537109375 0.4638671875 0.03515625 0.03515625
0 0.521484375 0.517578125 0.03515625 0.033203125
0 0.7548828125 0.384765625 0.048828125 0.04296875
0 0.6943359375 0.498046875 0.02734375 0.04296875
0 0.6533203125 0.462890625 0.04296875 0.04296875
0 0.6953125 0.443359375 0.03125 0.037109375
0 0.7177734375 0.4541015625 0.03515625 0.033203125
0 0.908203125 0.337890625 0.041015625 0.046875
0 0.79296875 0.2900390625 0.03515625 0.04296875
0 0.927734375 0.298828125 0.03515625 0.052734375
0 0.978515625 0.3876953125 0.025390625 0.052734375
0 0.970703125 0.509765625 0.033203125 0.046875
0 0.9677734375 0.5556640625 0.04296875 0.05859375
0 0.904296875 0.587890625 0.046875 0.052734375
0 0.888671875 0.6591796875 0.0390625 0.05078125
0 0.841796875 0.6787109375 0.046875 0.056640625
0 0.64453125 0.849609375 0.0390625 0.052734375
0 0.806640625 0.5205078125 0.041015625 0.056640625
0 0.8720703125 0.490234375 0.037109375 0.048828125
0 0.806640625 0.4453125 0.03125 0.05078125
0 0.9853515625 0.255859375 0.029296875 0.033203125
0 0.796875 0.859375 0.02734375 0.021484375
0 0.7392578125 0.798828125 0.03125 0.03125
0 0.759765625 0.7783203125 0.021484375 0.03125
0 0.9541015625 0.6767578125 0.02734375 0.03125
0 0.462890625 0.7958984375 0.02734375 0.033203125
0 0.5205078125 0.779296875 0.03125 0.041015625
0 0.5205078125 0.736328125 0.03515625 0.03515625
