1 0.65234375 0.4560546875 0.01171875 0.025390625
1 0.642578125 0.552734375 0.017578125 0.11328125
1 0.6142578125 0.51171875 0.041015625 0.0390625
1 0.611328125 0.564453125 0.03515625 0.041015625
1 0.564453125 0.505859375 0.041015625 0.05859375
1 0.5625 0.5693359375 0.037109375 0.04296875
1 0.5185546875 0.509765625 0.037109375 0.0390625
1 0.517578125 0.560546875 0.033203125 0.046875
1 0.4755859375 0.4931640625 0.025390625 0.03515625
1 0.4716796875 0.5458984375 0.01171875 0.025390625
1 0.564453125 0.4111328125 0.0390625 0.06640625
