0 0.826171875 0.400390625 0.03515625 0.046875
0 0.888671875 0.404296875 0.03125 0.03515625
0 0.9248046875 0.4169921875 0.04296875 0.046875
0 0.8310546875 0.533203125 0.03515625 0.0390625
0 0.7255859375 0.4296875 0.03515625 0.05078125
0 0.689453125 0.44140625 0.03125 0.046875
0 0.6591796875 0.4453125 0.041015625 0.06640625
0 0.623046875 0.451171875 0.03515625 0.052734375
0 0.5908203125 0.4599609375 0.04296875 0.052734375
0 0.552734375 0.509765625 0.03515625 0.046875
0 0.5263671875 0.517578125 0.041015625 0.04296875
0 0.822265625 0.6748046875 0.0390625 0.046875
0 0.86328125 0.673828125 0.03125 0.041015625
0 0.84375 0.267578125 0.03125 0.046875
