0 0.833984375 0.4921875 0.046875 0.05078125
0 0.8046875 0.337890625 0.02734375 0.068359375
0 0.697265625 0.3935546875 0.02734375 0.07421875
1 0.7685546875 0.4794921875 0.068359375 0.04296875
0 0.71875 0.4482421875 0.015625 0.033203125
0 0.671875 0.470703125 0.015625 0.029296875
0 0.6396484375 0.4599609375 0.0234375 0.046875
0 0.65625 0.365234375 0.015625 0.01953125
0 0.197265625 0.470703125 0.009765625 0.03515625
0 0.19921875 0.517578125 0.01953125 0.03515625
0 0.3046875 0.5185546875 0.09375 0.07421875
0 0.2294921875 0.4033203125 0.01953125 0.03515625
0 0.1611328125 0.451171875 0.009765625 0.02734375
0 0.16796875 0.4892578125 0.009765625 0.025390625
0 0.1650390625 0.5380859375 0.015625 0.0234375
0 0.1357421875 0.49609375 0.01171875 0.029296875
