0 0.75 0.544921875 0.056640625 0.060546875
0 0.7900390625 0.599609375 0.046875 0.05078125
0 0.755859375 0.6298828125 0.03515625 0.0546875
0 0.732421875 0.6689453125 0.0390625 0.046875
0 0.697265625 0.638671875 0.046875 0.044921875
0 0.693359375 0.564453125 0.044921875 0.06640625
0 0.6748046875 0.5654296875 0.03125 0.072265625
0 0.642578125 0.568359375 0.04296875 0.05859375
0 0.4921875 0.501953125 0.05078125 0.05859375
0 0.3662109375 0.5478515625 0.06640625 0.078125
0 0.345703125 0.396484375 0.07421875 0.087890625
0 0.4140625 0.291015625 0.06640625 0.09375
0 0.369140625 0.1533203125 0.0625 0.060546875
0 0.318359375 0.1875 0.0625 0.076171875
0 0.275390625 0.2353515625 0.056640625 0.078125
0 0.158203125 0.2255859375 0.048828125 0.087890625
0 0.1669921875 0.4619140625 0.052734375 0.087890625
0 0.24609375 0.443359375 0.05859375 0.087890625
0 0.251953125 0.51171875 0.060546875 0.08203125
0 0.2119140625 0.5888671875 0.0703125 0.08984375
0 0.1328125 0.376953125 0.05859375 0.08203125
0 0.107421875 0.255859375 0.0703125 0.099609375
