1 0.3486328125 0.5615234375 0.01171875 0.0234375
1 0.35546875 0.4619140625 0.01953125 0.12109375
1 0.3857421875 0.5009765625 0.03515625 0.0390625
1 0.388671875 0.4501953125 0.03125 0.05078125
1 0.4345703125 0.5029296875 0.04296875 0.052734375
1 0.4375 0.4384765625 0.0390625 0.046875
1 0.478515625 0.509765625 0.037109375 0.041015625
1 0.4833984375 0.4443359375 0.0390625 0.0625
1 0.5244140625 0.521484375 0.02734375 0.04296875
1 0.5244140625 0.470703125 0.015625 0.03125
1 0.4384765625 0.591796875 0.044921875 0.05078125
