0 0.5009765625 0.099609375 0.1962890625 0.0849609375
0 0.7822265625 0.1943359375 0.0458984375 0.0458984375
0 0.8935546875 0.33984375 0.041015625 0.1005859375
0 0.7568359375 0.4345703125 0.0615234375 0.07421875
0 0.8681640625 0.5966796875 0.0712890625 0.103515625
0 0.6748046875 0.646484375 0.0556640625 0.1015625
0 0.5625 0.28125 0.068359375 0.1015625
0 0.1962890625 0.5244140625 0.0556640625 0.0732421875
0 0.083984375 0.5361328125 0.0869140625 0.1396484375
0 0.3134765625 0.62109375 0.046875 0.09375
