0 0.9052734375 0.8564453125 0.048828125 0.048828125
0 0.822265625 0.498046875 0.021484375 0.03125
0 0.787109375 0.66796875 0.0390625 0.0341796875
0 0.8125 0.814453125 0.029296875 0.0390625
0 0.751953125 0.8515625 0.03125 0.0361328125
0 0.42578125 0.5947265625 0.0283203125 0.0439453125
0 0.37890625 0.25 0.037109375 0.041015625
0 0.3310546875 0.248046875 0.0498046875 0.0390625
0 0.267578125 0.333984375 0.041015625 0.044921875
0 0.2353515625 0.265625 0.0361328125 0.0439453125
0 0.1201171875 0.3046875 0.037109375 0.046875
0 0.138671875 0.4091796875 0.0390625 0.0498046875
0 0.2265625 0.443359375 0.0361328125 0.0341796875
0 0.201171875 0.4765625 0.0498046875 0.0341796875
0 0.568359375 0.873046875 0.033203125 0.037109375
0 0.5263671875 0.818359375 0.037109375 0.046875
0 0.591796875 0.95703125 0.0283203125 0.0390625
0 0.4677734375 0.4619140625 0.0341796875 0.0341796875
0 0.28125 0.658203125 0.0419921875 0.0283203125
0 0.896484375 0.5107421875 0.03125 0.0341796875
0 0.7138671875 0.552734375 0.0341796875 0.0390625
0 0.6826171875 0.8828125 0.0341796875 0.0341796875
0 0.8154296875 0.3125 0.0361328125 0.03125
0 0.759765625 0.2373046875 0.0390625 0.03125
0 0.7900390625 0.232421875 0.033203125 0.0283203125
0 0.806640625 0.466796875 0.0341796875 0.021484375
0 0.560546875 0.3125 0.033203125 0.03125
0 0.814453125 0.125 0.0341796875 0.041015625
