1 0.6240234375 0.6298828125 0.044921875 0.046875
1 0.6201171875 0.5322265625 0.0546875 0.11328125
1 0.5673828125 0.5341796875 0.04296875 0.107421875
1 0.5146484375 0.51953125 0.0546875 0.076171875
1 0.517578125 0.5810546875 0.05078125 0.03515625
1 0.5009765625 0.609375 0.01953125 0.0234375
1 0.4716796875 0.5556640625 0.025390625 0.1171875
1 0.447265625 0.5087890625 0.021484375 0.04296875
1 0.4189453125 0.5693359375 0.04296875 0.1328125
1 0.3896484375 0.5693359375 0.01171875 0.169921875
1 0.4765625 0.6630859375 0.0390625 0.029296875
1 0.5224609375 0.677734375 0.03515625 0.01171875
1 0.58203125 0.625 0.01953125 0.013671875
