1 0.3486328125 0.48828125 0.0087890625 0.021484375
1 0.3583984375 0.5859375 0.0185546875 0.126953125
1 0.3857421875 0.544921875 0.0361328125 0.044921875
1 0.38671875 0.599609375 0.0361328125 0.0478515625
1 0.4345703125 0.5439453125 0.044921875 0.05078125
1 0.4384765625 0.6064453125 0.0419921875 0.0478515625
1 0.482421875 0.576171875 0.0341796875 0.12109375
1 0.525390625 0.53515625 0.029296875 0.037109375
1 0.529296875 0.58203125 0.0244140625 0.044921875
1 0.4384765625 0.4541015625 0.0439453125 0.064453125
