1 0.4169921875 0.3759765625 0.05078125 0.0390625
1 0.5107421875 0.380859375 0.107421875 0.044921875
1 0.466796875 0.4365234375 0.03515625 0.03515625
1 0.5263671875 0.43359375 0.078125 0.04296875
1 0.4404296875 0.466796875 0.04296875 0.015625
1 0.4482421875 0.4990234375 0.046875 0.015625
1 0.47265625 0.482421875 0.01171875 0.017578125
1 0.49609375 0.4833984375 0.0234375 0.04296875
1 0.5341796875 0.46875 0.046875 0.015625
1 0.533203125 0.5302734375 0.044921875 0.06640625
1 0.4541015625 0.52734375 0.05859375 0.0234375
1 0.466796875 0.580078125 0.119140625 0.0390625
1 0.369140625 0.5224609375 0.0625 0.03125
1 0.3681640625 0.4794921875 0.056640625 0.03515625
1 0.3662109375 0.4384765625 0.0625 0.0234375
