1 0.625 0.4384765625 0.0390625 0.05078125
1 0.619140625 0.533203125 0.05078125 0.09375
1 0.564453125 0.49609375 0.037109375 0.03125
1 0.5693359375 0.5517578125 0.044921875 0.0703125
1 0.5341796875 0.4638671875 0.015625 0.044921875
1 0.515625 0.4951171875 0.015625 0.01171875
1 0.521484375 0.5224609375 0.03515625 0.015625
1 0.5322265625 0.5615234375 0.017578125 0.0390625
1 0.501953125 0.466796875 0.01953125 0.0390625
1 0.4970703125 0.5439453125 0.015625 0.06640625
1 0.4755859375 0.482421875 0.0234375 0.05859375
1 0.4609375 0.55078125 0.04296875 0.052734375
1 0.4169921875 0.4951171875 0.033203125 0.12890625
1 0.478515625 0.3896484375 0.03125 0.0546875
1 0.5185546875 0.384765625 0.03515625 0.05078125
1 0.556640625 0.3916015625 0.0234375 0.05078125
