1 0.6533203125 0.45703125 0.01171875 0.0390625
1 0.642578125 0.55859375 0.01953125 0.126953125
1 0.61328125 0.517578125 0.037109375 0.046875
1 0.6083984375 0.5732421875 0.037109375 0.046875
1 0.5634765625 0.513671875 0.044921875 0.05859375
1 0.560546875 0.5771484375 0.041015625 0.05078125
1 0.521484375 0.51171875 0.0390625 0.06640625
1 0.5166015625 0.572265625 0.0390625 0.05859375
1 0.4755859375 0.5 0.01953125 0.04296875
1 0.470703125 0.5537109375 0.01953125 0.03125
1 0.5615234375 0.42578125 0.05078125 0.0703125
