1 0.3740234375 0.421875 0.04296875 0.0546875
1 0.3818359375 0.5205078125 0.0498046875 0.1064453125
1 0.435546875 0.48046875 0.037109375 0.03515625
1 0.4326171875 0.5419921875 0.0458984375 0.0751953125
1 0.4658203125 0.453125 0.017578125 0.0458984375
1 0.486328125 0.484375 0.0185546875 0.0126953125
1 0.4755859375 0.5087890625 0.0322265625 0.0263671875
1 0.4697265625 0.5498046875 0.017578125 0.0458984375
1 0.50390625 0.5361328125 0.015625 0.0810546875
1 0.498046875 0.455078125 0.017578125 0.0361328125
1 0.5263671875 0.46875 0.0205078125 0.0673828125
1 0.5400390625 0.5419921875 0.04296875 0.048828125
1 0.580078125 0.4794921875 0.033203125 0.123046875
1 0.5224609375 0.375 0.033203125 0.05859375
1 0.4794921875 0.376953125 0.041015625 0.0537109375
1 0.4404296875 0.376953125 0.0224609375 0.0517578125
