1 0.380859375 0.474609375 0.046875 0.17578125
1 0.431640625 0.505859375 0.0458984375 0.1162109375
1 0.466796875 0.4404296875 0.017578125 0.044921875
1 0.4833984375 0.46875 0.0146484375 0.013671875
1 0.478515625 0.4951171875 0.0283203125 0.0185546875
1 0.4677734375 0.53515625 0.015625 0.0380859375
1 0.4970703125 0.4443359375 0.01953125 0.0380859375
1 0.5048828125 0.5244140625 0.0166015625 0.0751953125
1 0.525390625 0.44921875 0.02734375 0.0703125
1 0.5390625 0.5263671875 0.0478515625 0.0556640625
1 0.58203125 0.4677734375 0.03515625 0.126953125
1 0.5234375 0.3623046875 0.033203125 0.05859375
1 0.478515625 0.3642578125 0.041015625 0.05859375
1 0.4384765625 0.3623046875 0.0244140625 0.0546875
