1 0.3486328125 0.5380859375 0.013671875 0.01953125
1 0.3583984375 0.4423828125 0.013671875 0.09375
1 0.38671875 0.478515625 0.03515625 0.037109375
1 0.388671875 0.4287109375 0.03125 0.04296875
1 0.4345703125 0.4833984375 0.048828125 0.056640625
1 0.4365234375 0.421875 0.041015625 0.0390625
1 0.4814453125 0.4853515625 0.03515625 0.03515625
1 0.4814453125 0.4267578125 0.037109375 0.05078125
1 0.5205078125 0.4990234375 0.0234375 0.03515625
1 0.52734375 0.4462890625 0.017578125 0.03125
1 0.4404296875 0.576171875 0.048828125 0.0625
