0 0.208984375 0.529296875 0.0703125 0.0751953125
0 0.2353515625 0.580078125 0.044921875 0.046875
0 0.0673828125 0.5908203125 0.037109375 0.044921875
0 0.0498046875 0.548828125 0.0419921875 0.046875
0 0.046875 0.6328125 0.037109375 0.0498046875
0 0.0986328125 0.6259765625 0.044921875 0.0439453125
0 0.087890625 0.5498046875 0.041015625 0.0498046875
0 0.2548828125 0.4912109375 0.0341796875 0.041015625
0 0.2373046875 0.6201171875 0.037109375 0.0361328125
0 0.2099609375 0.6884765625 0.041015625 0.046875
0 0.33203125 0.5908203125 0.044921875 0.056640625
0 0.3525390625 0.5546875 0.037109375 0.0498046875
0 0.5048828125 0.544921875 0.056640625 0.0654296875
0 0.4521484375 0.544921875 0.0361328125 0.0498046875
0 0.568359375 0.435546875 0.0498046875 0.056640625
0 0.591796875 0.498046875 0.044921875 0.0595703125
0 0.587890625 0.5615234375 0.046875 0.064453125
0 0.6171875 0.6142578125 0.044921875 0.072265625
0 0.6875 0.623046875 0.0498046875 0.072265625
0 0.7060546875 0.5048828125 0.048828125 0.0595703125
0 0.6376953125 0.5380859375 0.0498046875 0.0625
0 0.666015625 0.4453125 0.046875 0.0654296875
0 0.376953125 0.435546875 0.041015625 0.0439453125
0 0.419921875 0.498046875 0.046875 0.0595703125
0 0.4423828125 0.4501953125 0.041015625 0.0517578125
0 0.4873046875 0.443359375 0.0439453125 0.048828125
0 0.787109375 0.455078125 0.046875 0.064453125
0 0.8046875 0.6123046875 0.056640625 0.078125
