0 0.810546875 0.5009765625 0.017578125 0.025390625
0 0.7578125 0.5068359375 0.017578125 0.0185546875
0 0.7138671875 0.46875 0.015625 0.0185546875
0 0.662109375 0.478515625 0.0107421875 0.015625
0 0.669921875 0.5078125 0.0126953125 0.0185546875
0 0.615234375 0.501953125 0.015625 0.021484375
0 0.564453125 0.486328125 0.013671875 0.0185546875
0 0.490234375 0.4658203125 0.0126953125 0.013671875
0 0.443359375 0.5048828125 0.015625 0.0205078125
0 0.8671875 0.4501953125 0.0126953125 0.0185546875
0 0.8232421875 0.419921875 0.0107421875 0.0126953125
0 0.76953125 0.4248046875 0.013671875 0.017578125
0 0.7041015625 0.5439453125 0.0126953125 0.0126953125
0 0.6533203125 0.552734375 0.0185546875 0.0185546875
0 0.51953125 0.505859375 0.013671875 0.021484375
0 0.51171875 0.552734375 0.0126953125 0.0126953125
0 0.5556640625 0.51953125 0.0126953125 0.015625
0 0.673828125 0.443359375 0.0126953125 0.015625
0 0.255859375 0.501953125 0.017578125 0.017578125
0 0.28515625 0.5234375 0.009765625 0.015625
0 0.31640625 0.517578125 0.017578125 0.017578125
0 0.2822265625 0.580078125 0.0126953125 0.0126953125
0 0.2373046875 0.5634765625 0.0126953125 0.017578125
0 0.21875 0.501953125 0.013671875 0.017578125
0 0.1875 0.5537109375 0.0126953125 0.0185546875
0 0.169921875 0.505859375 0.015625 0.021484375
0 0.1396484375 0.5478515625 0.0126953125 0.0126953125
0 0.861328125 0.5439453125 0.0126953125 0.015625
0 0.6279296875 0.4443359375 0.0126953125 0.015625
0 0.58203125 0.44140625 0.0126953125 0.015625
0 0.349609375 0.486328125 0.015625 0.0185546875
0 0.2080078125 0.4765625 0.0126953125 0.0126953125
