1 0.3515625 0.4697265625 0.01953125 0.03125
1 0.3583984375 0.5693359375 0.0185546875 0.1083984375
1 0.3876953125 0.5224609375 0.0341796875 0.048828125
1 0.388671875 0.576171875 0.033203125 0.037109375
1 0.43359375 0.517578125 0.041015625 0.052734375
1 0.435546875 0.580078125 0.0380859375 0.0478515625
1 0.4814453125 0.5498046875 0.03515625 0.109375
1 0.5244140625 0.5068359375 0.033203125 0.0302734375
1 0.5263671875 0.5537109375 0.015625 0.0302734375
1 0.4375 0.4248046875 0.0400390625 0.076171875
