0 0.939453125 0.603515625 0.025390625 0.021484375
0 0.912109375 0.5791015625 0.025390625 0.03125
0 0.89453125 0.556640625 0.015625 0.01953125
0 0.8466796875 0.52734375 0.03125 0.02734375
0 0.8232421875 0.51171875 0.0234375 0.03125
0 0.7998046875 0.50390625 0.021484375 0.025390625
0 0.783203125 0.4931640625 0.01171875 0.01953125
0 0.767578125 0.484375 0.025390625 0.021484375
0 0.689453125 0.435546875 0.021484375 0.02734375
0 0.634765625 0.384765625 0.037109375 0.029296875
0 0.5537109375 0.314453125 0.025390625 0.025390625
0 0.806640625 0.62109375 0.01171875 0.025390625
0 0.8525390625 0.6396484375 0.02734375 0.0234375
0 0.9140625 0.7197265625 0.01953125 0.021484375
0 0.8974609375 0.734375 0.021484375 0.03515625
0 0.833984375 0.6806640625 0.021484375 0.03125
0 0.591796875 0.458984375 0.02734375 0.025390625
0 0.6259765625 0.48828125 0.025390625 0.03125
0 0.669921875 0.5322265625 0.025390625 0.02734375
0 0.572265625 0.4423828125 0.025390625 0.015625
0 0.552734375 0.4189453125 0.02734375 0.025390625
0 0.5244140625 0.400390625 0.025390625 0.01953125
