0 0.345703125 0.5244140625 0.041015625 0.056640625
0 0.310546875 0.544921875 0.0390625 0.05078125
0 0.2958984375 0.5986328125 0.041015625 0.04296875
0 0.2333984375 0.4677734375 0.041015625 0.052734375
0 0.2138671875 0.4375 0.03515625 0.056640625
0 0.404296875 0.5166015625 0.037109375 0.046875
0 0.412109375 0.576171875 0.037109375 0.048828125
0 0.3525390625 0.603515625 0.02734375 0.046875
0 0.341796875 0.5791015625 0.03515625 0.052734375
0 0.3134765625 0.712890625 0.03125 0.03515625
0 0.240234375 0.513671875 0.041015625 0.044921875
