1 0.65234375 0.4599609375 0.01171875 0.02734375
1 0.64453125 0.5546875 0.01953125 0.1171875
1 0.6171875 0.5146484375 0.037109375 0.04296875
1 0.6123046875 0.5703125 0.03125 0.044921875
1 0.568359375 0.509765625 0.04296875 0.05859375
1 0.560546875 0.5771484375 0.04296875 0.046875
1 0.5205078125 0.5087890625 0.03515625 0.04296875
1 0.517578125 0.564453125 0.03515625 0.044921875
1 0.4775390625 0.4951171875 0.01953125 0.03515625
1 0.474609375 0.5498046875 0.015625 0.02734375
1 0.5625 0.419921875 0.046875 0.06640625
