1 0.6240234375 0.3916015625 0.04296875 0.04296875
1 0.6201171875 0.486328125 0.05078125 0.09765625
1 0.56640625 0.4482421875 0.04296875 0.037109375
1 0.5693359375 0.5009765625 0.04296875 0.06640625
1 0.533203125 0.4169921875 0.015625 0.0390625
1 0.517578125 0.447265625 0.017578125 0.013671875
1 0.5224609375 0.4736328125 0.029296875 0.0234375
1 0.5302734375 0.5126953125 0.015625 0.044921875
1 0.5029296875 0.4189453125 0.01953125 0.03515625
1 0.4970703125 0.498046875 0.015625 0.0703125
1 0.474609375 0.4345703125 0.0234375 0.0625
1 0.470703125 0.5078125 0.0234375 0.04296875
1 0.4462890625 0.5068359375 0.01953125 0.05078125
1 0.4189453125 0.4384765625 0.033203125 0.11328125
1 0.4775390625 0.353515625 0.02734375 0.02734375
1 0.521484375 0.341796875 0.03125 0.015625
1 0.48046875 0.328125 0.01953125 0.0078125
