3 0.4560546875 0.224609375 0.310546875 0.2265625
3 0.8193359375 0.42578125 0.181640625 0.1591796875
3 0.53125 0.3642578125 0.1904296875 0.1064453125
3 0.5224609375 0.8212890625 0.1591796875 0.248046875
3 0.18359375 0.2890625 0.2060546875 0.224609375
3 0.673828125 0.2421875 0.1142578125 0.166015625
3 0.6376953125 0.5888671875 0.126953125 0.099609375
3 0.474609375 0.484375 0.146484375 0.130859375
3 0.1748046875 0.580078125 0.3017578125 0.271484375
3 0.400390625 0.6787109375 0.287109375 0.228515625
