0 0.3564453125 0.537109375 0.025390625 0.021484375
0 0.421875 0.6044921875 0.015625 0.01953125
0 0.427734375 0.5595703125 0.0234375 0.025390625
0 0.173828125 0.556640625 0.021484375 0.015625
0 0.1611328125 0.5458984375 0.0234375 0.015625
0 0.30078125 0.505859375 0.015625 0.01953125
0 0.3037109375 0.5458984375 0.01953125 0.015625
0 0.7861328125 0.6005859375 0.017578125 0.017578125
0 0.767578125 0.5810546875 0.015625 0.015625
0 0.84765625 0.599609375 0.017578125 0.017578125
0 0.8154296875 0.556640625 0.025390625 0.015625
0 0.7783203125 0.5517578125 0.017578125 0.017578125
