1 0.6240234375 0.5888671875 0.0390625 0.052734375
1 0.6171875 0.498046875 0.04296875 0.09375
1 0.5673828125 0.5390625 0.0390625 0.02734375
1 0.568359375 0.4794921875 0.046875 0.064453125
1 0.5322265625 0.5693359375 0.015625 0.0390625
1 0.501953125 0.564453125 0.01953125 0.0390625
1 0.515625 0.5341796875 0.017578125 0.015625
1 0.517578125 0.5107421875 0.041015625 0.0234375
1 0.5302734375 0.4736328125 0.015625 0.041015625
1 0.5 0.4736328125 0.015625 0.0390625
1 0.47265625 0.5537109375 0.0234375 0.0703125
1 0.4619140625 0.4775390625 0.05078125 0.044921875
1 0.419921875 0.537109375 0.029296875 0.1171875
1 0.4755859375 0.638671875 0.037109375 0.05859375
1 0.5185546875 0.6376953125 0.03515625 0.044921875
1 0.5576171875 0.6416015625 0.0234375 0.05078125
1 0.603515625 0.662109375 0.02734375 0.01171875
