1 0.6240234375 0.5869140625 0.04296875 0.052734375
1 0.6201171875 0.498046875 0.046875 0.095703125
1 0.564453125 0.5361328125 0.03515625 0.029296875
1 0.56640625 0.47265625 0.046875 0.078125
1 0.5341796875 0.568359375 0.01171875 0.044921875
1 0.5009765625 0.560546875 0.015625 0.037109375
1 0.5185546875 0.533203125 0.01953125 0.015625
1 0.5244140625 0.5068359375 0.029296875 0.01953125
1 0.53125 0.46875 0.015625 0.037109375
1 0.498046875 0.478515625 0.013671875 0.08203125
1 0.4736328125 0.5458984375 0.0234375 0.0625
1 0.4619140625 0.4755859375 0.046875 0.04296875
1 0.41796875 0.5361328125 0.03515625 0.12109375
1 0.4765625 0.6376953125 0.03515625 0.0546875
1 0.5185546875 0.6416015625 0.03515625 0.05078125
1 0.560546875 0.63671875 0.0234375 0.046875
