0 0.630859375 0.5830078125 0.021484375 0.021484375
0 0.5869140625 0.5966796875 0.01953125 0.01953125
0 0.603515625 0.642578125 0.013671875 0.015625
0 0.5556640625 0.619140625 0.015625 0.015625
0 0.5537109375 0.59765625 0.013671875 0.01171875
0 0.447265625 0.580078125 0.015625 0.015625
0 0.509765625 0.625 0.015625 0.01171875
0 0.55859375 0.6484375 0.015625 0.015625
0 0.525390625 0.59375 0.015625 0.015625
0 0.4501953125 0.607421875 0.009765625 0.01171875
0 0.4775390625 0.64453125 0.015625 0.01953125
0 0.4541015625 0.66796875 0.015625 0.01953125
0 0.4287109375 0.634765625 0.013671875 0.017578125
0 0.4287109375 0.576171875 0.01171875 0.015625
0 0.404296875 0.6513671875 0.01171875 0.015625
0 0.3896484375 0.5986328125 0.01171875 0.015625
0 0.564453125 0.5849609375 0.015625 0.015625
