0 0.4306640625 0.3515625 0.021484375 0.0205078125
0 0.4892578125 0.404296875 0.037109375 0.021484375
0 0.462890625 0.4609375 0.037109375 0.0263671875
0 0.3544921875 0.44921875 0.0283203125 0.015625
0 0.38671875 0.435546875 0.025390625 0.021484375
0 0.400390625 0.49609375 0.0341796875 0.021484375
0 0.5791015625 0.5009765625 0.025390625 0.0283203125
0 0.6494140625 0.443359375 0.021484375 0.0283203125
0 0.6806640625 0.576171875 0.037109375 0.0283203125
0 0.650390625 0.4970703125 0.0283203125 0.0263671875
0 0.45703125 0.3173828125 0.03125 0.0234375
0 0.490234375 0.2744140625 0.0341796875 0.025390625
0 0.505859375 0.294921875 0.03125 0.025390625
0 0.59375 0.361328125 0.03125 0.017578125
0 0.396484375 0.3828125 0.037109375 0.017578125
0 0.318359375 0.484375 0.029296875 0.025390625
0 0.521484375 0.630859375 0.0234375 0.021484375
0 0.548828125 0.650390625 0.021484375 0.0185546875
0 0.412109375 0.6171875 0.025390625 0.0185546875
0 0.3701171875 0.609375 0.0283203125 0.015625
0 0.33984375 0.6162109375 0.0283203125 0.0126953125
0 0.3369140625 0.6396484375 0.017578125 0.017578125
