0 0.7109375 0.517578125 0.01953125 0.025390625
0 0.6884765625 0.548828125 0.01953125 0.01953125
0 0.6748046875 0.4091796875 0.015625 0.021484375
0 0.6650390625 0.34765625 0.025390625 0.03125
0 0.62109375 0.3515625 0.01953125 0.021484375
0 0.6162109375 0.576171875 0.01953125 0.017578125
0 0.65625 0.5888671875 0.021484375 0.025390625
0 0.63671875 0.67578125 0.01953125 0.021484375
0 0.630859375 0.724609375 0.021484375 0.01953125
0 0.5966796875 0.666015625 0.01953125 0.021484375
0 0.58984375 0.5234375 0.021484375 0.0234375
0 0.5693359375 0.548828125 0.015625 0.01953125
0 0.630859375 0.595703125 0.01953125 0.01953125
0 0.626953125 0.482421875 0.01953125 0.021484375
0 0.6484375 0.474609375 0.01953125 0.0234375
0 0.6669921875 0.4658203125 0.013671875 0.017578125
0 0.64453125 0.439453125 0.015625 0.01953125
0 0.580078125 0.3818359375 0.01953125 0.01953125
0 0.60546875 0.353515625 0.01171875 0.017578125
0 0.5263671875 0.37109375 0.017578125 0.015625
0 0.552734375 0.4306640625 0.01953125 0.021484375
0 0.5302734375 0.53515625 0.01171875 0.01953125
0 0.5078125 0.34375 0.0234375 0.021484375
0 0.693359375 0.615234375 0.021484375 0.025390625
