1 0.4296875 0.6259765625 0.046875 0.04296875
1 0.5234375 0.619140625 0.109375 0.048828125
1 0.4873046875 0.5654296875 0.033203125 0.0390625
1 0.544921875 0.5673828125 0.076171875 0.046875
1 0.455078125 0.5322265625 0.044921875 0.015625
1 0.4892578125 0.5126953125 0.01171875 0.015625
1 0.5146484375 0.5244140625 0.01953125 0.02734375
1 0.552734375 0.529296875 0.03515625 0.017578125
1 0.4560546875 0.5029296875 0.033203125 0.015625
1 0.5361328125 0.4990234375 0.06640625 0.01953125
1 0.4677734375 0.4736328125 0.0625 0.01953125
1 0.54296875 0.4609375 0.05078125 0.048828125
1 0.484375 0.41796875 0.12109375 0.03125
1 0.3837890625 0.474609375 0.06640625 0.03515625
1 0.380859375 0.5205078125 0.0625 0.0390625
1 0.37890625 0.5615234375 0.056640625 0.02734375
