1 0.62109375 0.3759765625 0.04296875 0.04296875
1 0.529296875 0.3798828125 0.1015625 0.046875
1 0.5673828125 0.43359375 0.0234375 0.04296875
1 0.5185546875 0.431640625 0.0703125 0.046875
1 0.5703125 0.4814453125 0.01953125 0.029296875
1 0.517578125 0.486328125 0.0625 0.05078125
1 0.5927734375 0.4970703125 0.0390625 0.015625
1 0.5810546875 0.5263671875 0.0703125 0.0234375
1 0.5078125 0.5400390625 0.05078125 0.048828125
1 0.5625 0.5810546875 0.130859375 0.03515625
1 0.5712890625 0.6103515625 0.15234375 0.0078125
1 0.650390625 0.52734375 0.01171875 0.03515625
1 0.6708984375 0.5244140625 0.009765625 0.03125
1 0.6611328125 0.482421875 0.03515625 0.03515625
1 0.658203125 0.44140625 0.02734375 0.0234375
1 0.6005859375 0.46484375 0.044921875 0.015625
