1 0.5634765625 0.623046875 0.056640625 0.041015625
1 0.46484375 0.619140625 0.10546875 0.046875
1 0.5078125 0.5654296875 0.03125 0.037109375
1 0.447265625 0.568359375 0.07421875 0.046875
1 0.5361328125 0.533203125 0.041015625 0.015625
1 0.5029296875 0.515625 0.013671875 0.01953125
1 0.48046875 0.5244140625 0.0234375 0.03125
1 0.439453125 0.5302734375 0.0390625 0.015625
1 0.5341796875 0.5029296875 0.044921875 0.015625
1 0.455078125 0.4970703125 0.078125 0.017578125
1 0.51953125 0.47265625 0.060546875 0.0234375
1 0.4501953125 0.4609375 0.0546875 0.048828125
1 0.5107421875 0.4189453125 0.1171875 0.03515625
1 0.6083984375 0.478515625 0.05859375 0.03125
1 0.607421875 0.521484375 0.052734375 0.0390625
1 0.6083984375 0.5615234375 0.05859375 0.0234375
