0 0.138671875 0.5791015625 0.025390625 0.03515625
0 0.2060546875 0.5615234375 0.025390625 0.03125
0 0.28125 0.5595703125 0.02734375 0.03515625
0 0.322265625 0.552734375 0.01953125 0.03515625
0 0.353515625 0.517578125 0.025390625 0.03125
0 0.326171875 0.5078125 0.025390625 0.0390625
0 0.294921875 0.5068359375 0.025390625 0.041015625
0 0.263671875 0.4970703125 0.021484375 0.02734375
0 0.3037109375 0.4248046875 0.02734375 0.04296875
0 0.3330078125 0.4365234375 0.025390625 0.046875
0 0.2041015625 0.3798828125 0.02734375 0.046875
0 0.2021484375 0.4853515625 0.025390625 0.03125
0 0.212890625 0.5322265625 0.01953125 0.02734375
0 0.15625 0.5234375 0.021484375 0.037109375
0 0.099609375 0.5244140625 0.029296875 0.03515625
0 0.107421875 0.4658203125 0.021484375 0.05078125
0 0.138671875 0.4775390625 0.01953125 0.03125
0 0.169921875 0.482421875 0.021484375 0.04296875
0 0.162109375 0.412109375 0.0234375 0.037109375
0 0.1298828125 0.4072265625 0.021484375 0.03515625
0 0.1142578125 0.38671875 0.021484375 0.046875
0 0.08984375 0.390625 0.0234375 0.03515625
0 0.111328125 0.26953125 0.01953125 0.033203125
0 0.154296875 0.2841796875 0.021484375 0.04296875
0 0.1865234375 0.2939453125 0.02734375 0.052734375
0 0.220703125 0.2978515625 0.025390625 0.052734375
0 0.283203125 0.365234375 0.015625 0.03125
0 0.2373046875 0.3623046875 0.025390625 0.04296875
0 0.2314453125 0.4306640625 0.0234375 0.041015625
0 0.2841796875 0.365234375 0.021484375 0.03125
0 0.2626953125 0.306640625 0.025390625 0.029296875
0 0.236328125 0.341796875 0.01953125 0.02734375
0 0.2998046875 0.30859375 0.025390625 0.03515625
0 0.3330078125 0.310546875 0.025390625 0.02734375
