0 0.939453125 0.396484375 0.025390625 0.021484375
0 0.912109375 0.4208984375 0.025390625 0.03125
0 0.89453125 0.443359375 0.015625 0.0185546875
0 0.8466796875 0.47265625 0.03125 0.0263671875
0 0.8232421875 0.48828125 0.0234375 0.03125
0 0.7998046875 0.49609375 0.021484375 0.025390625
0 0.783203125 0.5068359375 0.0126953125 0.0205078125
0 0.767578125 0.515625 0.025390625 0.021484375
0 0.689453125 0.564453125 0.021484375 0.0263671875
0 0.634765625 0.615234375 0.037109375 0.029296875
0 0.5537109375 0.685546875 0.025390625 0.025390625
0 0.806640625 0.37890625 0.0126953125 0.025390625
0 0.8525390625 0.3603515625 0.0263671875 0.0234375
0 0.9140625 0.2802734375 0.0185546875 0.021484375
0 0.8974609375 0.265625 0.021484375 0.0361328125
0 0.833984375 0.3193359375 0.021484375 0.03125
0 0.591796875 0.541015625 0.0283203125 0.025390625
0 0.6259765625 0.51171875 0.025390625 0.03125
0 0.669921875 0.4677734375 0.025390625 0.0283203125
0 0.572265625 0.5576171875 0.025390625 0.015625
0 0.552734375 0.5810546875 0.0283203125 0.025390625
0 0.5244140625 0.599609375 0.025390625 0.0185546875
