0 0.318359375 0.2109375 0.029296875 0.029296875
0 0.3056640625 0.1708984375 0.0234375 0.025390625
0 0.359375 0.533203125 0.03125 0.037109375
0 0.3505859375 0.380859375 0.02734375 0.03125
0 0.349609375 0.330078125 0.03515625 0.02734375
0 0.251953125 0.33984375 0.029296875 0.01953125
0 0.4169921875 0.583984375 0.021484375 0.01953125
0 0.3984375 0.888671875 0.02734375 0.03125
0 0.4248046875 0.9013671875 0.01953125 0.02734375
0 0.470703125 0.421875 0.02734375 0.0234375
0 0.41796875 0.412109375 0.029296875 0.01953125
0 0.416015625 0.3623046875 0.021484375 0.033203125
0 0.4462890625 0.3037109375 0.02734375 0.021484375
