1 0.3466796875 0.455078125 0.009765625 0.0283203125
1 0.3564453125 0.55859375 0.017578125 0.1259765625
1 0.384765625 0.5185546875 0.0361328125 0.03515625
1 0.388671875 0.5703125 0.0341796875 0.041015625
1 0.43359375 0.5087890625 0.0419921875 0.0615234375
1 0.4365234375 0.572265625 0.0400390625 0.052734375
1 0.4775390625 0.509765625 0.0361328125 0.03515625
1 0.48046875 0.5625 0.0361328125 0.0458984375
1 0.5263671875 0.49609375 0.0205078125 0.0380859375
1 0.5283203125 0.5439453125 0.0126953125 0.025390625
1 0.4375 0.4169921875 0.041015625 0.0625
