1 0.458984375 0.3466796875 0.02734375 0.013671875
1 0.5595703125 0.3544921875 0.1171875 0.01953125
1 0.5126953125 0.3857421875 0.04296875 0.0390625
1 0.5703125 0.38671875 0.044921875 0.037109375
1 0.5087890625 0.43359375 0.064453125 0.0390625
1 0.5712890625 0.435546875 0.041015625 0.04296875
1 0.5068359375 0.478515625 0.0390625 0.0390625
1 0.564453125 0.4814453125 0.0546875 0.03515625
1 0.494140625 0.525390625 0.04296875 0.021484375
1 0.5478515625 0.5302734375 0.02734375 0.017578125
1 0.42578125 0.4375 0.05859375 0.046875
