1 0.4140625 0.3759765625 0.048828125 0.04296875
1 0.5146484375 0.3798828125 0.1015625 0.05078125
1 0.4716796875 0.4345703125 0.03125 0.04296875
1 0.5322265625 0.4326171875 0.07421875 0.04296875
1 0.4384765625 0.466796875 0.04296875 0.017578125
1 0.4697265625 0.4833984375 0.015625 0.01953125
1 0.4990234375 0.4794921875 0.01953125 0.033203125
1 0.5361328125 0.46875 0.0390625 0.01953125
1 0.439453125 0.498046875 0.0390625 0.015625
1 0.5234375 0.501953125 0.0703125 0.01171875
1 0.453125 0.5283203125 0.06640625 0.02734375
1 0.52734375 0.537109375 0.0546875 0.04296875
1 0.4638671875 0.5810546875 0.11328125 0.037109375
1 0.365234375 0.5224609375 0.052734375 0.03515625
1 0.3662109375 0.482421875 0.05859375 0.0390625
1 0.3662109375 0.439453125 0.056640625 0.025390625
