0 0.966796875 0.478515625 0.021484375 0.025390625
0 0.9609375 0.517578125 0.0234375 0.0234375
0 0.9814453125 0.498046875 0.025390625 0.01953125
0 0.951171875 0.5439453125 0.03125 0.03515625
0 0.912109375 0.5458984375 0.02734375 0.017578125
0 0.9296875 0.4970703125 0.02734375 0.03125
0 0.857421875 0.4833984375 0.025390625 0.01953125
0 0.8271484375 0.486328125 0.025390625 0.021484375
0 0.8310546875 0.4306640625 0.021484375 0.02734375
0 0.771484375 0.423828125 0.025390625 0.025390625
0 0.70703125 0.4228515625 0.01171875 0.015625
0 0.6708984375 0.423828125 0.021484375 0.01953125
0 0.6962890625 0.478515625 0.0234375 0.025390625
0 0.763671875 0.4814453125 0.01953125 0.01953125
0 0.8076171875 0.533203125 0.033203125 0.017578125
0 0.7939453125 0.5654296875 0.03515625 0.01953125
0 0.708984375 0.5595703125 0.025390625 0.021484375
0 0.69921875 0.5224609375 0.025390625 0.01953125
0 0.634765625 0.5546875 0.025390625 0.021484375
0 0.6103515625 0.5166015625 0.021484375 0.025390625
0 0.607421875 0.4814453125 0.01953125 0.02734375
0 0.6455078125 0.4794921875 0.02734375 0.021484375
0 0.609375 0.41015625 0.03125 0.01953125
0 0.580078125 0.4140625 0.01953125 0.01953125
0 0.5390625 0.4140625 0.025390625 0.013671875
0 0.5361328125 0.3779296875 0.025390625 0.021484375
0 0.482421875 0.3916015625 0.01953125 0.017578125
0 0.4990234375 0.419921875 0.025390625 0.01953125
0 0.4365234375 0.435546875 0.021484375 0.01953125
0 0.466796875 0.451171875 0.021484375 0.0234375
0 0.498046875 0.466796875 0.02734375 0.01953125
0 0.48046875 0.482421875 0.025390625 0.01953125
0 0.46484375 0.498046875 0.025390625 0.021484375
0 0.4814453125 0.533203125 0.02734375 0.021484375
0 0.521484375 0.513671875 0.0234375 0.017578125
0 0.5615234375 0.501953125 0.01953125 0.01953125
0 0.5576171875 0.474609375 0.02734375 0.021484375
0 0.560546875 0.451171875 0.03125 0.025390625
0 0.572265625 0.578125 0.02734375 0.01953125
0 0.5537109375 0.6142578125 0.02734375 0.021484375
0 0.666015625 0.5888671875 0.02734375 0.021484375
0 0.638671875 0.6259765625 0.02734375 0.01953125
0 0.6533203125 0.6650390625 0.025390625 0.02734375
0 0.587890625 0.66796875 0.041015625 0.029296875
0 0.7529296875 0.6728515625 0.025390625 0.025390625
0 0.7314453125 0.6318359375 0.03125 0.03125
0 0.7919921875 0.603515625 0.025390625 0.01953125
0 0.853515625 0.63671875 0.02734375 0.021484375
0 0.853515625 0.673828125 0.02734375 0.021484375
0 0.4248046875 0.4111328125 0.01953125 0.01953125
0 0.3671875 0.4052734375 0.01953125 0.021484375
0 0.3203125 0.4013671875 0.01953125 0.015625
0 0.296875 0.3994140625 0.021484375 0.021484375
0 0.248046875 0.3916015625 0.021484375 0.015625
0 0.29296875 0.427734375 0.029296875 0.01953125
0 0.2880859375 0.4462890625 0.01953125 0.015625
0 0.298828125 0.462890625 0.021484375 0.01171875
0 0.3408203125 0.4345703125 0.021484375 0.015625
0 0.365234375 0.439453125 0.021484375 0.021484375
0 0.3837890625 0.447265625 0.02734375 0.015625
0 0.3525390625 0.455078125 0.01953125 0.01953125
0 0.365234375 0.4755859375 0.021484375 0.01171875
0 0.341796875 0.482421875 0.0234375 0.01953125
0 0.341796875 0.49609375 0.0234375 0.013671875
0 0.263671875 0.470703125 0.02734375 0.021484375
0 0.27734375 0.486328125 0.025390625 0.021484375
0 0.2158203125 0.462890625 0.021484375 0.0234375
0 0.4013671875 0.4951171875 0.01953125 0.01953125
0 0.392578125 0.5087890625 0.01953125 0.01953125
0 0.4033203125 0.5283203125 0.021484375 0.01953125
