1 0.3466796875 0.4462890625 0.015625 0.025390625
1 0.357421875 0.5400390625 0.01953125 0.12109375
1 0.384765625 0.5087890625 0.0341796875 0.041015625
1 0.38671875 0.556640625 0.033203125 0.0419921875
1 0.431640625 0.498046875 0.0419921875 0.05859375
1 0.4345703125 0.5615234375 0.0419921875 0.048828125
1 0.48046875 0.4951171875 0.0390625 0.03515625
1 0.4814453125 0.5517578125 0.03515625 0.0576171875
1 0.51953125 0.48046875 0.0302734375 0.0390625
1 0.5263671875 0.53125 0.0166015625 0.029296875
1 0.4345703125 0.4091796875 0.046875 0.0537109375
