0 0.685546875 0.154296875 0.052734375 0.0341796875
0 0.4345703125 0.16015625 0.0439453125 0.0283203125
0 0.47265625 0.208984375 0.0439453125 0.0361328125
0 0.7021484375 0.21484375 0.03125 0.0283203125
0 0.7470703125 0.193359375 0.046875 0.041015625
0 0.7939453125 0.25 0.046875 0.048828125
0 0.81640625 0.20703125 0.0498046875 0.037109375
0 0.8955078125 0.095703125 0.0439453125 0.033203125
0 0.796875 0.615234375 0.0498046875 0.0439453125
0 0.962890625 0.59765625 0.0498046875 0.044921875
0 0.5302734375 0.7060546875 0.0517578125 0.0517578125
0 0.5322265625 0.576171875 0.0517578125 0.033203125
0 0.6103515625 0.568359375 0.0498046875 0.0341796875
0 0.759765625 0.810546875 0.0439453125 0.046875
0 0.8271484375 0.814453125 0.046875 0.041015625
0 0.955078125 0.791015625 0.056640625 0.068359375
0 0.8623046875 0.853515625 0.0595703125 0.0498046875
0 0.716796875 0.93359375 0.0625 0.056640625
0 0.802734375 0.9599609375 0.076171875 0.072265625
0 0.798828125 0.8955078125 0.044921875 0.037109375
0 0.919921875 0.951171875 0.037109375 0.0341796875
0 0.560546875 0.8408203125 0.056640625 0.046875
0 0.5546875 0.896484375 0.0576171875 0.046875
0 0.3701171875 0.92578125 0.0498046875 0.044921875
0 0.30859375 0.8896484375 0.0498046875 0.041015625
0 0.302734375 0.9423828125 0.078125 0.052734375
0 0.0966796875 0.912109375 0.064453125 0.037109375
0 0.08203125 0.939453125 0.056640625 0.0341796875
0 0.3974609375 0.857421875 0.0341796875 0.0283203125
0 0.357421875 0.568359375 0.041015625 0.033203125
0 0.8896484375 0.1611328125 0.046875 0.0595703125
0 0.8974609375 0.21875 0.046875 0.0595703125
