1 0.3740234375 0.388671875 0.0439453125 0.0400390625
1 0.380859375 0.478515625 0.044921875 0.1044921875
1 0.4326171875 0.4443359375 0.0390625 0.021484375
1 0.431640625 0.5 0.046875 0.0625
1 0.4833984375 0.4453125 0.017578125 0.017578125
1 0.4833984375 0.46875 0.0439453125 0.015625
1 0.466796875 0.5048828125 0.0185546875 0.033203125
1 0.4638671875 0.4130859375 0.017578125 0.04296875
1 0.498046875 0.4189453125 0.0166015625 0.0380859375
1 0.50390625 0.5078125 0.0146484375 0.0341796875
1 0.5244140625 0.427734375 0.0244140625 0.05859375
1 0.529296875 0.501953125 0.0283203125 0.0439453125
1 0.5517578125 0.5068359375 0.0146484375 0.0400390625
1 0.5791015625 0.4423828125 0.0322265625 0.115234375
1 0.5234375 0.3505859375 0.029296875 0.03125
1 0.4765625 0.3408203125 0.03515625 0.0087890625
