4 0.186698716796875 0.34045583984375 0.20753205078125 0.46866096875 0.23798076953125 0.467236466796875 0.22996794921875 0.26068376171875 0.12820512890625 0.276353275390625 0.161057693359375 0.465811966796875 0.177884615234375 0.462962962890625 0.17467948828125 0.341880341796875 0.186698716796875 0.34045583984375
4 0.041666666015625 0.326210826171875 0.08092948828125 0.545584046875 0.127403845703125 0.4757834765625 0.11298076953125 0.264957265625 0.041666666015625 0.326210826171875
4 0.23076923046875 0.27065526953125 0.185897435546875 0.341880341796875 0.221153845703125 0.56695156640625 0.254807693359375 0.505698005859375 0.23076923046875 0.27065526953125
4 0.1794871796875 0.34472934375 0.139719068359375 0.34256066796875 0.157852564453125 0.47150997265625 0.177083333984375 0.46866096875 0.1794871796875 0.34472934375
4 0.083333333984375 0.548433048828125 0.12820512890625 0.478632478515625 0.1169871796875 0.34757834765625 0.133808228515625 0.34223833203125 0.048878205078125 0.337606837890625 0.083333333984375 0.548433048828125
4 0.4455128203125 0.2891737890625 0.34375 0.279202279296875 0.360576923828125 0.474358974609375 0.4302884609375 0.467236466796875 0.43349358984375 0.32478632421875 0.4455128203125 0.2891737890625
4 0.333333333984375 0.27777777734375 0.3036858984375 0.329059830078125 0.3213141015625 0.515669515625 0.338141025390625 0.47293447265625 0.333333333984375 0.27777777734375
4 0.4375 0.33190883203125 0.45592948828125 0.478632478515625 0.44871794921875 0.2749287734375 0.4375 0.33190883203125
4 0.556089744140625 0.245014244140625 0.55048076953125 0.266381767578125 0.561698716796875 0.47293447265625 0.641826923828125 0.465811966796875 0.654647435546875 0.27065526953125 0.556089744140625 0.245014244140625
4 0.666666666015625 0.2749287734375 0.6650641015625 0.477207978515625 0.67548076953125 0.48860398828125 0.686698716796875 0.333333333984375 0.666666666015625 0.2749287734375
4 0.76201923046875 0.2578347578125 0.756410255859375 0.5071225078125 0.7740384609375 0.541310541015625 0.8036858984375 0.327635328125 0.76201923046875 0.2578347578125
4 0.80929487109375 0.32336182421875 0.8036858984375 0.458689458984375 0.838141025390625 0.460113958984375 0.858974359375 0.25071225 0.76923076953125 0.259259259765625 0.76121794921875 0.45726495703125 0.78525641015625 0.458689458984375 0.80929487109375 0.32336182421875
4 0.87099358984375 0.252136751953125 0.86217948828125 0.460113958984375 0.8982371796875 0.501424501953125 0.932692306640625 0.297720798828125 0.87099358984375 0.252136751953125
