0 0.7177734375 0.08984375 0.03515625 0.029296875
0 0.5595703125 0.0732421875 0.048828125 0.02734375
0 0.32421875 0.146484375 0.046875 0.037109375
0 0.451171875 0.1875 0.0625 0.0390625
0 0.6171875 0.1669921875 0.056640625 0.03125
0 0.76953125 0.1748046875 0.056640625 0.03125
0 0.7294921875 0.2626953125 0.052734375 0.03515625
0 0.8203125 0.2744140625 0.056640625 0.037109375
0 0.806640625 0.3564453125 0.052734375 0.02734375
0 0.794921875 0.3837890625 0.037109375 0.025390625
0 0.8486328125 0.373046875 0.046875 0.03515625
0 0.759765625 0.462890625 0.044921875 0.03515625
0 0.619140625 0.38671875 0.07421875 0.033203125
0 0.630859375 0.2685546875 0.048828125 0.037109375
0 0.5244140625 0.3046875 0.068359375 0.052734375
0 0.4619140625 0.32421875 0.060546875 0.05078125
0 0.271484375 0.2861328125 0.05078125 0.037109375
0 0.1806640625 0.2529296875 0.052734375 0.041015625
0 0.19140625 0.3330078125 0.056640625 0.04296875
0 0.19921875 0.4716796875 0.06640625 0.03125
0 0.30078125 0.525390625 0.052734375 0.046875
0 0.333984375 0.390625 0.052734375 0.03125
0 0.4443359375 0.4560546875 0.0546875 0.037109375
0 0.416015625 0.5712890625 0.05078125 0.041015625
0 0.5390625 0.5224609375 0.068359375 0.03515625
0 0.7177734375 0.6025390625 0.0625 0.037109375
0 0.779296875 0.5849609375 0.046875 0.02734375
0 0.8837890625 0.56640625 0.07421875 0.02734375
0 0.9384765625 0.5888671875 0.056640625 0.03515625
0 0.841796875 0.689453125 0.0390625 0.03515625
0 0.7685546875 0.7177734375 0.04296875 0.041015625
0 0.5458984375 0.7490234375 0.0625 0.03515625
0 0.240234375 0.697265625 0.0625 0.03125
0 0.1787109375 0.630859375 0.037109375 0.03125
0 0.15625 0.6669921875 0.041015625 0.03515625
0 0.1162109375 0.6064453125 0.037109375 0.03515625
0 0.083984375 0.4853515625 0.037109375 0.03515625
0 0.072265625 0.34765625 0.03515625 0.03515625
0 0.1728515625 0.3837890625 0.037109375 0.0390625
0 0.185546875 0.1533203125 0.056640625 0.041015625
0 0.541015625 0.8349609375 0.046875 0.048828125
0 0.4140625 0.8388671875 0.04296875 0.033203125
0 0.3798828125 0.7529296875 0.05078125 0.0390625
0 0.3037109375 0.8154296875 0.056640625 0.025390625
0 0.173828125 0.814453125 0.03515625 0.03515625
0 0.224609375 0.7470703125 0.041015625 0.03515625
0 0.634765625 0.9443359375 0.060546875 0.0390625
0 0.673828125 0.8349609375 0.05078125 0.03515625
0 0.732421875 0.8310546875 0.05859375 0.044921875
0 0.8173828125 0.9052734375 0.05859375 0.037109375
0 0.4052734375 0.923828125 0.05078125 0.02734375
0 0.3193359375 0.900390625 0.041015625 0.037109375
0 0.4326171875 0.955078125 0.05078125 0.03125
0 0.8310546875 0.826171875 0.037109375 0.033203125
