1 0.3466796875 0.44140625 0.0126953125 0.0263671875
1 0.357421875 0.548828125 0.017578125 0.107421875
1 0.3857421875 0.501953125 0.0341796875 0.041015625
1 0.3876953125 0.5576171875 0.033203125 0.044921875
1 0.4345703125 0.4921875 0.041015625 0.05859375
1 0.4384765625 0.5673828125 0.04296875 0.0556640625
1 0.4794921875 0.49609375 0.041015625 0.0380859375
1 0.482421875 0.5546875 0.0361328125 0.060546875
1 0.5224609375 0.4833984375 0.01953125 0.044921875
1 0.5263671875 0.5361328125 0.0166015625 0.029296875
1 0.439453125 0.412109375 0.04296875 0.06640625
