0 0.552734375 0.8564453125 0.0390625 0.029296875
0 0.6767578125 0.4296875 0.0361328125 0.03125
0 0.71875 0.4521484375 0.0419921875 0.029296875
0 0.677734375 0.5205078125 0.037109375 0.0341796875
0 0.6591796875 0.5673828125 0.041015625 0.041015625
0 0.6669921875 0.6123046875 0.037109375 0.0341796875
0 0.455078125 0.572265625 0.0439453125 0.0341796875
0 0.41796875 0.6591796875 0.0341796875 0.041015625
0 0.3740234375 0.67578125 0.03125 0.0341796875
0 0.3369140625 0.677734375 0.0341796875 0.0439453125
0 0.4443359375 0.76171875 0.0361328125 0.0341796875
0 0.4267578125 0.765625 0.037109375 0.037109375
0 0.4580078125 0.7294921875 0.0390625 0.025390625
0 0.4267578125 0.728515625 0.0341796875 0.0283203125
0 0.330078125 0.921875 0.0498046875 0.0263671875
0 0.5029296875 0.8740234375 0.041015625 0.0283203125
0 0.70703125 0.8994140625 0.0439453125 0.029296875
0 0.705078125 0.87109375 0.0439453125 0.0283203125
0 0.58203125 0.9716796875 0.0361328125 0.0341796875
0 0.6708984375 0.7119140625 0.0439453125 0.025390625
0 0.6708984375 0.673828125 0.0439453125 0.021484375
0 0.3251953125 0.3701171875 0.056640625 0.037109375
0 0.3349609375 0.435546875 0.041015625 0.0341796875
0 0.181640625 0.3642578125 0.0595703125 0.046875
0 0.1640625 0.294921875 0.0439453125 0.0439453125
0 0.1640625 0.15234375 0.0439453125 0.0283203125
0 0.283203125 0.17578125 0.041015625 0.033203125
0 0.4970703125 0.201171875 0.046875 0.0341796875
0 0.615234375 0.2236328125 0.046875 0.021484375
0 0.6982421875 0.177734375 0.046875 0.037109375
0 0.587890625 0.0927734375 0.0361328125 0.0361328125
0 0.3662109375 0.0498046875 0.0625 0.0419921875
0 0.3740234375 0.564453125 0.0361328125 0.0205078125
0 0.380859375 0.533203125 0.0341796875 0.021484375
0 0.3828125 0.599609375 0.0361328125 0.0283203125
0 0.81640625 0.4873046875 0.0439453125 0.0283203125
0 0.8193359375 0.1513671875 0.037109375 0.037109375
0 0.4462890625 0.4052734375 0.046875 0.0283203125
0 0.169921875 0.5205078125 0.0341796875 0.03125
0 0.298828125 0.2568359375 0.0361328125 0.037109375
0 0.3779296875 0.263671875 0.041015625 0.025390625
0 0.4052734375 0.2939453125 0.041015625 0.033203125
