4 0.267857142578125 0.672857142578125 0.233333333984375 0.56428571484375 0.097619048828125 0.56571428515625 0.15 0.677142857421875 0.267857142578125 0.672857142578125
4 0.265476189453125 0.551428572265625 0.23809523828125 0.44571428515625 0.109523810546875 0.44 0.152380951171875 0.55428571484375 0.265476189453125 0.551428572265625
4 0.296428572265625 0.438571427734375 0.267857142578125 0.331428572265625 0.1511904765625 0.33571428515625 0.18928571484375 0.428571427734375 0.296428572265625 0.438571427734375
4 0.533333333984375 0.30428571484375 0.519047619140625 0.22 0.415476189453125 0.22428571484375 0.4238095234375 0.308571427734375 0.533333333984375 0.30428571484375
4 0.528571427734375 0.407142857421875 0.527380951171875 0.317142857421875 0.405952380859375 0.32428571484375 0.420238095703125 0.417142857421875 0.528571427734375 0.407142857421875
4 0.517857142578125 0.538571427734375 0.517857142578125 0.42428571484375 0.38690476171875 0.428571427734375 0.404761904296875 0.54428571484375 0.517857142578125 0.538571427734375
4 0.53571428515625 0.67 0.53690476171875 0.561428572265625 0.391666666015625 0.57 0.41190476171875 0.67571428515625 0.53571428515625 0.67
4 0.802380951171875 0.661428572265625 0.83809523828125 0.558571427734375 0.694047619140625 0.547142857421875 0.6761904765625 0.658571427734375 0.802380951171875 0.661428572265625
4 0.766666666015625 0.531428572265625 0.78571428515625 0.428571427734375 0.658333333984375 0.418571427734375 0.646428572265625 0.531428572265625 0.766666666015625 0.531428572265625
4 0.769047619140625 0.418571427734375 0.794047619140625 0.297142857421875 0.66190476171875 0.311428572265625 0.652380951171875 0.41428571484375 0.769047619140625 0.418571427734375
4 0.983333333984375 0.397142857421875 0.9988095234375 0.292857142578125 0.91428571484375 0.292857142578125 0.88690476171875 0.397142857421875 0.983333333984375 0.397142857421875
4 1 0.411428572265625 0.93571428515625 0.41428571484375 0.934523810546875 0.42 0.9 0.517142857421875 1 0.518571427734375 1 0.411428572265625
4 0.944047619140625 0.652857142578125 1 0.647142857421875 0.98673626953125 0.5450121328125 0.944047619140625 0.652857142578125
4 0.01190476171875 0.362857142578125 0.107142857421875 0.368571427734375 0.065476189453125 0.25 0.004761904296875 0.25 0.01190476171875 0.362857142578125
