0 0.3798828125 0.392578125 0.03125 0.02734375
0 0.4541015625 0.3623046875 0.02734375 0.025390625
0 0.583984375 0.267578125 0.0234375 0.0234375
0 0.59375 0.244140625 0.02734375 0.01953125
0 0.62890625 0.228515625 0.02734375 0.01953125
0 0.671875 0.2109375 0.03515625 0.02734375
0 0.716796875 0.2255859375 0.03515625 0.021484375
0 0.7119140625 0.2841796875 0.025390625 0.029296875
0 0.73046875 0.3466796875 0.025390625 0.021484375
0 0.837890625 0.37890625 0.03125 0.01953125
0 0.857421875 0.412109375 0.021484375 0.01953125
0 0.8818359375 0.341796875 0.029296875 0.021484375
0 0.8330078125 0.2998046875 0.02734375 0.03125
0 0.8330078125 0.24609375 0.025390625 0.02734375
0 0.8271484375 0.2119140625 0.0390625 0.02734375
0 0.763671875 0.1923828125 0.03515625 0.03515625
0 0.55078125 0.1943359375 0.03125 0.025390625
0 0.5478515625 0.25 0.03125 0.025390625
0 0.6015625 0.1201171875 0.029296875 0.02734375
0 0.66796875 0.7939453125 0.01953125 0.0234375
0 0.603515625 0.7919921875 0.03515625 0.021484375
0 0.6875 0.791015625 0.021484375 0.021484375
0 0.8330078125 0.7587890625 0.03125 0.021484375
0 0.8798828125 0.75390625 0.03515625 0.02734375
0 0.595703125 0.669921875 0.037109375 0.021484375
0 0.189453125 0.3095703125 0.02734375 0.0234375
0 0.240234375 0.298828125 0.029296875 0.02734375
0 0.275390625 0.2099609375 0.029296875 0.03515625
