1 0.376953125 0.3955078125 0.044921875 0.041015625
1 0.3818359375 0.4873046875 0.0439453125 0.0986328125
1 0.4345703125 0.4482421875 0.041015625 0.03125
1 0.4326171875 0.5009765625 0.044921875 0.0751953125
1 0.484375 0.4482421875 0.01953125 0.0126953125
1 0.474609375 0.4736328125 0.0322265625 0.0205078125
1 0.46875 0.5126953125 0.0166015625 0.044921875
1 0.501953125 0.5 0.013671875 0.0712890625
1 0.4990234375 0.4208984375 0.0185546875 0.044921875
1 0.4658203125 0.4189453125 0.0185546875 0.037109375
1 0.52734375 0.46484375 0.0263671875 0.123046875
1 0.552734375 0.509765625 0.013671875 0.0419921875
1 0.580078125 0.4521484375 0.0341796875 0.1298828125
1 0.5234375 0.3515625 0.0283203125 0.03515625
1 0.482421875 0.3515625 0.0361328125 0.03125
1 0.4423828125 0.35546875 0.0244140625 0.029296875
