0 0.1015625 0.6142578125 0.017578125 0.0625
0 0.0986328125 0.7314453125 0.0185546875 0.0703125
0 0.060546875 0.8173828125 0.021484375 0.068359375
0 0.302734375 0.78515625 0.0234375 0.064453125
0 0.197265625 0.892578125 0.021484375 0.0595703125
0 0.423828125 0.666015625 0.021484375 0.0673828125
0 0.4423828125 0.7041015625 0.0234375 0.0673828125
0 0.490234375 0.681640625 0.0263671875 0.0751953125
0 0.5234375 0.642578125 0.021484375 0.0810546875
0 0.537109375 0.552734375 0.0234375 0.0732421875
0 0.537109375 0.4677734375 0.0185546875 0.0625
0 0.556640625 0.517578125 0.017578125 0.0673828125
0 0.5595703125 0.7138671875 0.0205078125 0.0654296875
0 0.529296875 0.83984375 0.0263671875 0.0703125
0 0.5283203125 0.708984375 0.0205078125 0.064453125
