1 0.3759765625 0.4189453125 0.044921875 0.0498046875
1 0.3818359375 0.5126953125 0.0478515625 0.1025390625
1 0.435546875 0.4736328125 0.037109375 0.029296875
1 0.4326171875 0.5361328125 0.0439453125 0.0771484375
1 0.4658203125 0.4404296875 0.0107421875 0.0439453125
1 0.4833984375 0.474609375 0.0185546875 0.0146484375
1 0.4775390625 0.5029296875 0.0283203125 0.021484375
1 0.4697265625 0.5419921875 0.0185546875 0.0419921875
1 0.4970703125 0.453125 0.0126953125 0.0478515625
1 0.505859375 0.529296875 0.01953125 0.072265625
1 0.52734375 0.4599609375 0.0224609375 0.0625
1 0.5380859375 0.53125 0.0419921875 0.0517578125
1 0.5791015625 0.4697265625 0.0341796875 0.1162109375
1 0.5224609375 0.3701171875 0.0302734375 0.0546875
1 0.478515625 0.3701171875 0.0400390625 0.0595703125
1 0.4375 0.3701171875 0.029296875 0.0595703125
