1 0.5693359375 0.375 0.056640625 0.037109375
1 0.4716796875 0.380859375 0.10546875 0.046875
1 0.5146484375 0.43359375 0.033203125 0.03515625
1 0.451171875 0.4306640625 0.080078125 0.048828125
1 0.5400390625 0.4677734375 0.05078125 0.01953125
1 0.505859375 0.484375 0.013671875 0.015625
1 0.5341796875 0.4990234375 0.037109375 0.015625
1 0.482421875 0.478515625 0.0234375 0.029296875
1 0.44140625 0.46875 0.041015625 0.017578125
1 0.4609375 0.5029296875 0.07421875 0.017578125
1 0.525390625 0.525390625 0.05859375 0.01953125
1 0.4560546875 0.5390625 0.05078125 0.04296875
1 0.5107421875 0.580078125 0.119140625 0.03515625
1 0.61328125 0.5234375 0.048828125 0.033203125
1 0.615234375 0.4794921875 0.060546875 0.0390625
1 0.62109375 0.44140625 0.064453125 0.02734375
