0 0.6142578125 0.1015625 0.0625 0.017578125
0 0.7314453125 0.0986328125 0.0703125 0.01953125
0 0.8173828125 0.060546875 0.068359375 0.021484375
0 0.78515625 0.302734375 0.064453125 0.0234375
0 0.892578125 0.197265625 0.05859375 0.021484375
0 0.666015625 0.423828125 0.06640625 0.021484375
0 0.7041015625 0.4423828125 0.06640625 0.0234375
0 0.681640625 0.490234375 0.07421875 0.02734375
0 0.642578125 0.5234375 0.08203125 0.021484375
0 0.552734375 0.537109375 0.07421875 0.0234375
0 0.4677734375 0.537109375 0.0625 0.01953125
0 0.517578125 0.556640625 0.06640625 0.017578125
0 0.7138671875 0.5595703125 0.06640625 0.01953125
0 0.83984375 0.529296875 0.0703125 0.02734375
0 0.708984375 0.5283203125 0.064453125 0.01953125
