1 0.376953125 0.4365234375 0.041015625 0.056640625
1 0.380859375 0.53515625 0.046875 0.1064453125
1 0.4345703125 0.4921875 0.037109375 0.0302734375
1 0.431640625 0.552734375 0.0458984375 0.0751953125
1 0.466796875 0.4638671875 0.0146484375 0.041015625
1 0.484375 0.4970703125 0.0185546875 0.013671875
1 0.4755859375 0.51953125 0.0322265625 0.0244140625
1 0.4697265625 0.560546875 0.015625 0.0380859375
1 0.4970703125 0.4658203125 0.0166015625 0.044921875
1 0.5029296875 0.544921875 0.017578125 0.078125
1 0.52734375 0.48046875 0.0234375 0.060546875
1 0.5390625 0.5498046875 0.048828125 0.0537109375
1 0.5810546875 0.4892578125 0.0361328125 0.1162109375
1 0.521484375 0.3916015625 0.0302734375 0.05859375
1 0.478515625 0.392578125 0.0390625 0.052734375
1 0.4384765625 0.3916015625 0.0224609375 0.0595703125
