1 0.373046875 0.400390625 0.04296875 0.044921875
1 0.3818359375 0.490234375 0.0478515625 0.0986328125
1 0.43359375 0.455078125 0.0380859375 0.0263671875
1 0.4326171875 0.505859375 0.044921875 0.06640625
1 0.4833984375 0.4521484375 0.01953125 0.0087890625
1 0.4775390625 0.4794921875 0.033203125 0.0185546875
1 0.46875 0.5166015625 0.0166015625 0.033203125
1 0.5029296875 0.4990234375 0.013671875 0.068359375
1 0.4970703125 0.4248046875 0.0166015625 0.0439453125
1 0.4638671875 0.4208984375 0.0185546875 0.037109375
1 0.525390625 0.4375 0.0224609375 0.064453125
1 0.5283203125 0.5087890625 0.0263671875 0.0498046875
1 0.55078125 0.509765625 0.0146484375 0.04296875
1 0.5791015625 0.4501953125 0.0302734375 0.123046875
1 0.482421875 0.3544921875 0.0390625 0.0400390625
1 0.5234375 0.3505859375 0.029296875 0.056640625
1 0.4404296875 0.3544921875 0.0224609375 0.0400390625
