1 0.34765625 0.49609375 0.01171875 0.0302734375
1 0.3583984375 0.5908203125 0.0205078125 0.1376953125
1 0.38671875 0.556640625 0.03515625 0.041015625
1 0.388671875 0.60546875 0.037109375 0.04296875
1 0.435546875 0.548828125 0.0439453125 0.05859375
1 0.4384765625 0.6142578125 0.0380859375 0.0498046875
1 0.4794921875 0.58203125 0.0390625 0.0986328125
1 0.52734375 0.5361328125 0.0341796875 0.0400390625
1 0.525390625 0.5947265625 0.0244140625 0.0458984375
1 0.4404296875 0.4609375 0.0419921875 0.0703125
