1 0.60546875 0.6689453125 0.021484375 0.015625
1 0.623046875 0.5927734375 0.04296875 0.04296875
1 0.615234375 0.5048828125 0.046875 0.103515625
1 0.56640625 0.5400390625 0.044921875 0.03515625
1 0.5673828125 0.4833984375 0.04296875 0.0703125
1 0.5361328125 0.57421875 0.021484375 0.044921875
1 0.5068359375 0.560546875 0.02734375 0.05859375
1 0.513671875 0.4853515625 0.05078125 0.078125
1 0.462890625 0.5205078125 0.05078125 0.125
1 0.41796875 0.5390625 0.03515625 0.1171875
1 0.478515625 0.642578125 0.03125 0.056640625
1 0.5205078125 0.6484375 0.03515625 0.044921875
1 0.560546875 0.6474609375 0.0234375 0.046875
