1 0.3740234375 0.380859375 0.0400390625 0.0390625
1 0.380859375 0.431640625 0.044921875 0.0126953125
1 0.3818359375 0.490234375 0.0478515625 0.076171875
1 0.435546875 0.4384765625 0.0439453125 0.02734375
1 0.4306640625 0.484375 0.0458984375 0.05859375
1 0.4833984375 0.4638671875 0.0458984375 0.0263671875
1 0.4716796875 0.5029296875 0.017578125 0.041015625
1 0.501953125 0.4970703125 0.0185546875 0.0263671875
1 0.4970703125 0.41015625 0.01953125 0.041015625
1 0.4677734375 0.4052734375 0.017578125 0.0400390625
1 0.52734375 0.421875 0.0224609375 0.0634765625
1 0.5361328125 0.4931640625 0.0478515625 0.05078125
1 0.5791015625 0.43359375 0.03515625 0.11328125
1 0.6103515625 0.4248046875 0.009765625 0.1328125
1 0.5244140625 0.3515625 0.0361328125 0.0087890625
1 0.3994140625 0.4033203125 0.0185546875 0.037109375
