1 0.58984375 0.6201171875 0.046875 0.046875
1 0.50390625 0.6181640625 0.099609375 0.046875
1 0.54296875 0.56640625 0.03515625 0.03515625
1 0.4853515625 0.5673828125 0.0703125 0.04296875
1 0.5693359375 0.5341796875 0.046875 0.017578125
1 0.5361328125 0.5166015625 0.015625 0.015625
1 0.5126953125 0.515625 0.0234375 0.044921875
1 0.4755859375 0.5302734375 0.037109375 0.01171875
1 0.474609375 0.498046875 0.041015625 0.01171875
1 0.568359375 0.501953125 0.046875 0.015625
1 0.5556640625 0.47265625 0.0625 0.0234375
1 0.482421875 0.4619140625 0.05859375 0.05078125
1 0.537109375 0.41796875 0.12890625 0.03515625
1 0.6455078125 0.4755859375 0.05859375 0.03515625
1 0.642578125 0.5205078125 0.056640625 0.037109375
1 0.646484375 0.5615234375 0.0546875 0.033203125
1 0.666015625 0.603515625 0.0234375 0.01953125
