1 0.5556640625 0.6533203125 0.02734375 0.015625
1 0.4599609375 0.64453125 0.125 0.01953125
1 0.4990234375 0.6142578125 0.04296875 0.0390625
1 0.443359375 0.6142578125 0.04296875 0.03515625
1 0.5 0.56640625 0.060546875 0.044921875
1 0.4345703125 0.564453125 0.0546875 0.04296875
1 0.50390625 0.521484375 0.044921875 0.03515625
1 0.4443359375 0.5185546875 0.056640625 0.03515625
1 0.5185546875 0.4765625 0.033203125 0.021484375
1 0.4658203125 0.4736328125 0.03125 0.013671875
1 0.5888671875 0.5634765625 0.0625 0.04296875
