1 0.626953125 0.607421875 0.04296875 0.044921875
1 0.619140625 0.513671875 0.04296875 0.09765625
1 0.5654296875 0.5556640625 0.04296875 0.029296875
1 0.5693359375 0.4990234375 0.048828125 0.068359375
1 0.5166015625 0.5537109375 0.01953125 0.021484375
1 0.5224609375 0.5263671875 0.03125 0.0234375
1 0.5302734375 0.4873046875 0.017578125 0.033203125
1 0.53515625 0.5810546875 0.015625 0.04296875
1 0.5009765625 0.5810546875 0.015625 0.04296875
1 0.4951171875 0.5048828125 0.015625 0.0703125
1 0.4736328125 0.56640625 0.0234375 0.0625
1 0.47265625 0.4970703125 0.025390625 0.0390625
1 0.447265625 0.4951171875 0.01953125 0.044921875
1 0.419921875 0.5546875 0.03515625 0.11328125
1 0.478515625 0.646484375 0.03125 0.02734375
1 0.5166015625 0.6494140625 0.029296875 0.03515625
1 0.5576171875 0.6455078125 0.0234375 0.01953125
1 0.4794921875 0.673828125 0.01953125 0.0078125
1 0.4091796875 0.48828125 0.017578125 0.01171875
