1 0.375 0.3974609375 0.0400390625 0.046875
1 0.3798828125 0.48828125 0.0498046875 0.1005859375
1 0.43359375 0.4501953125 0.041015625 0.0341796875
1 0.4306640625 0.5068359375 0.048828125 0.0712890625
1 0.4658203125 0.41796875 0.017578125 0.0361328125
1 0.4833984375 0.451171875 0.0205078125 0.015625
1 0.4775390625 0.4775390625 0.029296875 0.0205078125
1 0.4697265625 0.517578125 0.0146484375 0.037109375
1 0.4990234375 0.4228515625 0.015625 0.0380859375
1 0.50390625 0.5009765625 0.0166015625 0.072265625
1 0.5263671875 0.439453125 0.025390625 0.064453125
1 0.529296875 0.5087890625 0.0244140625 0.0517578125
1 0.55078125 0.509765625 0.017578125 0.0537109375
1 0.580078125 0.447265625 0.037109375 0.1142578125
1 0.5244140625 0.3486328125 0.033203125 0.0537109375
1 0.48046875 0.3564453125 0.0419921875 0.0341796875
1 0.4404296875 0.3515625 0.0244140625 0.044921875
