0 0.17578125 0.2666015625 0.052734375 0.078125
0 0.349609375 0.302734375 0.0654296875 0.0830078125
0 0.4111328125 0.306640625 0.0439453125 0.078125
0 0.4794921875 0.4375 0.0576171875 0.056640625
0 0.544921875 0.4775390625 0.0390625 0.072265625
0 0.5654296875 0.412109375 0.0341796875 0.041015625
0 0.650390625 0.482421875 0.0498046875 0.0654296875
0 0.7578125 0.7041015625 0.048828125 0.0654296875
0 0.7373046875 0.853515625 0.0419921875 0.0439453125
0 0.369140625 0.7978515625 0.0498046875 0.0546875
