1 0.3486328125 0.4658203125 0.009765625 0.0322265625
1 0.3564453125 0.5634765625 0.015625 0.1328125
1 0.3837890625 0.517578125 0.0400390625 0.0556640625
1 0.3916015625 0.5771484375 0.0400390625 0.0478515625
1 0.43359375 0.51953125 0.04296875 0.05859375
1 0.4365234375 0.580078125 0.0390625 0.0498046875
1 0.48046875 0.5478515625 0.0380859375 0.1123046875
1 0.525390625 0.4990234375 0.021484375 0.03515625
1 0.5302734375 0.55859375 0.013671875 0.0419921875
1 0.4365234375 0.427734375 0.0400390625 0.0615234375
