0 0.333984375 0.3876953125 0.037109375 0.046875
0 0.3828125 0.4150390625 0.05078125 0.044921875
0 0.47265625 0.482421875 0.021484375 0.02734375
0 0.3994140625 0.4541015625 0.029296875 0.02734375
0 0.298828125 0.4775390625 0.021484375 0.03515625
0 0.3095703125 0.642578125 0.0234375 0.0234375
0 0.330078125 0.64453125 0.03125 0.02734375
0 0.212890625 0.470703125 0.037109375 0.052734375
0 0.2373046875 0.5009765625 0.021484375 0.0390625
0 0.2236328125 0.546875 0.03515625 0.03125
0 0.162109375 0.537109375 0.029296875 0.03515625
0 0.2080078125 0.6748046875 0.029296875 0.01953125
0 0.2099609375 0.697265625 0.025390625 0.03125
0 0.083984375 0.5380859375 0.03515625 0.03515625
0 0.17578125 0.615234375 0.02734375 0.02734375
0 0.1708984375 0.5673828125 0.029296875 0.025390625
0 0.125 0.4189453125 0.025390625 0.037109375
0 0.091796875 0.4287109375 0.0234375 0.01953125
0 0.138671875 0.455078125 0.029296875 0.02734375
0 0.068359375 0.376953125 0.037109375 0.03515625
0 0.025390625 0.3642578125 0.03125 0.03125
0 0.2138671875 0.3212890625 0.033203125 0.037109375
0 0.2998046875 0.333984375 0.037109375 0.044921875
0 0.4443359375 0.369140625 0.04296875 0.03515625
0 0.146484375 0.5771484375 0.04296875 0.041015625
