1 0.3720703125 0.6181640625 0.041015625 0.044921875
1 0.3798828125 0.521484375 0.046875 0.1015625
1 0.435546875 0.55859375 0.0390625 0.02734375
1 0.4326171875 0.5048828125 0.04296875 0.0625
1 0.4765625 0.5322265625 0.02734375 0.0234375
1 0.4677734375 0.4921875 0.015625 0.044921875
1 0.4990234375 0.583984375 0.01953125 0.046875
1 0.501953125 0.5078125 0.01171875 0.0625
1 0.5263671875 0.57421875 0.021484375 0.060546875
1 0.5263671875 0.5 0.02734375 0.048828125
1 0.552734375 0.498046875 0.017578125 0.048828125
1 0.5791015625 0.5625 0.03515625 0.11328125
1 0.5263671875 0.6455078125 0.02734375 0.015625
1 0.4833984375 0.6591796875 0.03125 0.02734375
1 0.439453125 0.650390625 0.01953125 0.03125
1 0.4609375 0.576171875 0.01953125 0.01171875
