1 0.3466796875 0.4638671875 0.0107421875 0.03515625
1 0.357421875 0.560546875 0.01953125 0.1103515625
1 0.3857421875 0.517578125 0.03515625 0.0498046875
1 0.390625 0.5771484375 0.0361328125 0.048828125
1 0.4326171875 0.513671875 0.0478515625 0.0546875
1 0.4365234375 0.5810546875 0.037109375 0.0576171875
1 0.48046875 0.5087890625 0.037109375 0.0458984375
1 0.4853515625 0.5693359375 0.0341796875 0.056640625
1 0.5244140625 0.4990234375 0.0244140625 0.03515625
1 0.5263671875 0.5478515625 0.0146484375 0.03515625
1 0.4365234375 0.4228515625 0.0439453125 0.072265625
