1 0.388671875 0.373046875 0.037109375 0.046875
1 0.49609375 0.3798828125 0.064453125 0.04296875
1 0.443359375 0.4345703125 0.033203125 0.0390625
1 0.4990234375 0.4306640625 0.068359375 0.04296875
1 0.46875 0.4765625 0.029296875 0.03125
1 0.51171875 0.4677734375 0.05078125 0.01953125
1 0.4970703125 0.501953125 0.0703125 0.013671875
1 0.4150390625 0.4990234375 0.04296875 0.015625
1 0.4287109375 0.5263671875 0.060546875 0.0234375
1 0.50390625 0.529296875 0.05078125 0.025390625
1 0.505859375 0.5517578125 0.0390625 0.015625
1 0.443359375 0.578125 0.12109375 0.03515625
1 0.3583984375 0.5234375 0.015625 0.041015625
1 0.4150390625 0.4677734375 0.0390625 0.015625
