0 0.5 0.4990234375 0.0283203125 0.0341796875
0 0.4609375 0.478515625 0.025390625 0.0185546875
0 0.443359375 0.4619140625 0.0341796875 0.021484375
0 0.462890625 0.435546875 0.0283203125 0.025390625
0 0.3583984375 0.4765625 0.0283203125 0.021484375
0 0.3994140625 0.46875 0.0205078125 0.021484375
0 0.404296875 0.451171875 0.0185546875 0.015625
0 0.453125 0.548828125 0.0283203125 0.0205078125
0 0.529296875 0.5283203125 0.033203125 0.0126953125
0 0.5234375 0.541015625 0.0263671875 0.017578125
0 0.5224609375 0.5576171875 0.021484375 0.0205078125
0 0.509765625 0.5791015625 0.0283203125 0.0185546875
0 0.400390625 0.583984375 0.025390625 0.025390625
0 0.4228515625 0.552734375 0.0234375 0.0185546875
0 0.2177734375 0.49609375 0.0263671875 0.0185546875
0 0.2294921875 0.52734375 0.0283203125 0.015625
0 0.2421875 0.541015625 0.0234375 0.0185546875
0 0.267578125 0.533203125 0.015625 0.0185546875
0 0.267578125 0.51953125 0.0185546875 0.017578125
0 0.2177734375 0.5625 0.0234375 0.0205078125
0 0.2783203125 0.57421875 0.0185546875 0.015625
0 0.3447265625 0.578125 0.03125 0.0185546875
0 0.3408203125 0.599609375 0.025390625 0.025390625
0 0.4638671875 0.6044921875 0.03125 0.021484375
0 0.4921875 0.5673828125 0.0185546875 0.021484375
0 0.525390625 0.5927734375 0.0283203125 0.021484375
0 0.54296875 0.6162109375 0.0234375 0.015625
0 0.5634765625 0.623046875 0.025390625 0.021484375
0 0.5869140625 0.609375 0.025390625 0.021484375
0 0.580078125 0.5888671875 0.025390625 0.0205078125
0 0.58984375 0.6220703125 0.025390625 0.0185546875
0 0.5029296875 0.6591796875 0.0234375 0.025390625
0 0.478515625 0.6513671875 0.0283203125 0.017578125
0 0.494140625 0.634765625 0.021484375 0.0126953125
0 0.5029296875 0.623046875 0.0234375 0.0126953125
0 0.44140625 0.5712890625 0.0341796875 0.0185546875
0 0.232421875 0.4404296875 0.029296875 0.0205078125
0 0.150390625 0.533203125 0.0185546875 0.015625
0 0.1923828125 0.5595703125 0.0234375 0.015625
0 0.2138671875 0.5859375 0.029296875 0.025390625
0 0.216796875 0.5986328125 0.025390625 0.0185546875
0 0.5126953125 0.701171875 0.0234375 0.021484375
0 0.546875 0.6962890625 0.021484375 0.009765625
0 0.572265625 0.7021484375 0.0263671875 0.017578125
0 0.587890625 0.6845703125 0.021484375 0.0205078125
0 0.544921875 0.6591796875 0.0283203125 0.013671875
0 0.521484375 0.654296875 0.025390625 0.0107421875
0 0.5478515625 0.646484375 0.0234375 0.0126953125
0 0.4599609375 0.5087890625 0.041015625 0.0283203125
4 0.31640625 0.306640625 0.072265625 0.0263671875
4 0.6748046875 0.3125 0.09375 0.029296875
