1 0.3486328125 0.5009765625 0.0107421875 0.0283203125
1 0.357421875 0.599609375 0.017578125 0.1396484375
1 0.3857421875 0.560546875 0.033203125 0.04296875
1 0.3876953125 0.61328125 0.029296875 0.0458984375
1 0.4365234375 0.55078125 0.0439453125 0.0615234375
1 0.44140625 0.6162109375 0.04296875 0.0458984375
1 0.48046875 0.5888671875 0.0380859375 0.1015625
1 0.5224609375 0.541015625 0.0302734375 0.041015625
1 0.5244140625 0.6005859375 0.025390625 0.0390625
1 0.4384765625 0.462890625 0.04296875 0.0712890625
