1 0.34765625 0.4423828125 0.0146484375 0.025390625
1 0.35546875 0.546875 0.015625 0.1025390625
1 0.384765625 0.4990234375 0.0361328125 0.0322265625
1 0.38671875 0.556640625 0.0361328125 0.052734375
1 0.4326171875 0.494140625 0.04296875 0.0556640625
1 0.43359375 0.5615234375 0.04296875 0.0615234375
1 0.4814453125 0.4951171875 0.03515625 0.0400390625
1 0.482421875 0.5537109375 0.0361328125 0.0595703125
1 0.51953125 0.478515625 0.0283203125 0.03125
1 0.5244140625 0.5419921875 0.0224609375 0.037109375
