1 0.34765625 0.4677734375 0.0146484375 0.029296875
1 0.35546875 0.5615234375 0.021484375 0.1259765625
1 0.388671875 0.529296875 0.0390625 0.04296875
1 0.3896484375 0.5830078125 0.0380859375 0.046875
1 0.435546875 0.5205078125 0.041015625 0.060546875
1 0.4404296875 0.5830078125 0.041015625 0.0390625
1 0.482421875 0.515625 0.0361328125 0.0439453125
1 0.4833984375 0.5771484375 0.0341796875 0.060546875
1 0.5224609375 0.5068359375 0.0302734375 0.033203125
1 0.5244140625 0.5654296875 0.0224609375 0.0546875
1 0.4365234375 0.4306640625 0.0380859375 0.056640625
