0 0.826171875 0.599609375 0.03515625 0.046875
0 0.888671875 0.595703125 0.03125 0.03515625
0 0.9248046875 0.5830078125 0.04296875 0.046875
0 0.8310546875 0.466796875 0.03515625 0.0390625
0 0.7255859375 0.5703125 0.03515625 0.05078125
0 0.689453125 0.55859375 0.03125 0.046875
0 0.6591796875 0.5546875 0.041015625 0.06640625
0 0.623046875 0.548828125 0.03515625 0.052734375
0 0.5908203125 0.5400390625 0.04296875 0.052734375
0 0.552734375 0.490234375 0.03515625 0.046875
0 0.5263671875 0.482421875 0.041015625 0.04296875
0 0.822265625 0.3251953125 0.0390625 0.046875
0 0.86328125 0.326171875 0.03125 0.041015625
0 0.84375 0.732421875 0.03125 0.046875
