0 0.771484375 0.4521484375 0.041015625 0.056640625
0 0.916015625 0.3505859375 0.04296875 0.052734375
0 0.875 0.4697265625 0.044921875 0.056640625
0 0.935546875 0.517578125 0.037109375 0.037109375
0 0.943359375 0.5654296875 0.037109375 0.044921875
0 0.859375 0.59375 0.0390625 0.0546875
0 0.953125 0.638671875 0.05078125 0.052734375
0 0.7216796875 0.41015625 0.041015625 0.056640625
0 0.552734375 0.3486328125 0.037109375 0.03515625
0 0.54296875 0.376953125 0.03125 0.037109375
0 0.541015625 0.546875 0.03125 0.046875
0 0.4140625 0.2919921875 0.03515625 0.04296875
0 0.3251953125 0.30859375 0.046875 0.05078125
0 0.3759765625 0.435546875 0.05078125 0.04296875
0 0.40625 0.5322265625 0.056640625 0.04296875
0 0.462890625 0.5361328125 0.03515625 0.03515625
0 0.478515625 0.482421875 0.03515625 0.033203125
0 0.2451171875 0.615234375 0.048828125 0.04296875
0 0.3056640625 0.501953125 0.02734375 0.04296875
0 0.3466796875 0.537109375 0.04296875 0.04296875
0 0.3046875 0.556640625 0.03125 0.037109375
0 0.2822265625 0.5458984375 0.03515625 0.033203125
0 0.091796875 0.662109375 0.041015625 0.046875
0 0.20703125 0.7099609375 0.03515625 0.04296875
0 0.072265625 0.701171875 0.03515625 0.052734375
0 0.021484375 0.6123046875 0.025390625 0.052734375
0 0.029296875 0.490234375 0.033203125 0.046875
0 0.0322265625 0.4443359375 0.04296875 0.05859375
0 0.095703125 0.412109375 0.046875 0.052734375
0 0.111328125 0.3408203125 0.0390625 0.05078125
0 0.158203125 0.3212890625 0.046875 0.056640625
0 0.35546875 0.150390625 0.0390625 0.052734375
0 0.193359375 0.4794921875 0.041015625 0.056640625
0 0.1279296875 0.509765625 0.037109375 0.048828125
0 0.193359375 0.5546875 0.03125 0.05078125
0 0.0146484375 0.744140625 0.029296875 0.033203125
0 0.203125 0.140625 0.02734375 0.021484375
0 0.2607421875 0.201171875 0.03125 0.03125
0 0.240234375 0.2216796875 0.021484375 0.03125
0 0.0458984375 0.3232421875 0.02734375 0.03125
0 0.537109375 0.2041015625 0.02734375 0.033203125
0 0.4794921875 0.220703125 0.03125 0.041015625
0 0.4794921875 0.263671875 0.03515625 0.03515625
