4 0.398562927734375 0.49698848828125 0.32999791015625 0.427957064453125 0.326526251953125 0.462472775390625 0.3595069140625 0.490476087890625 0.398562927734375 0.49698848828125
4 0.453241310546875 0.635702611328125 0.4705995390625 0.58034719140625 0.408637380859375 0.5839819921875 0.42373230859375 0.63635383984375 0.453241310546875 0.635702611328125
4 0.5546875 0.701171875 0.033203125 0.021484375
4 0.4658203125 0.6591796875 0.0546875 0.02734375
4 0.490234375 0.5537109375 0.048828125 0.02734375
4 0.513995177734375 0.568237345703125 0.56086234375 0.54804887890625 0.546107875 0.538931548828125 0.507051861328125 0.5617249453125 0.513995177734375 0.568237345703125
4 0.40234375 0.548828125 0.033203125 0.033203125
4 0.6572265625 0.810546875 0.0546875 0.03125
4 0.23863636328125 0.7883522734375 0.2741477265625 0.75426136328125 0.251420455078125 0.7414772734375 0.203125 0.798295455078125 0.220170455078125 0.82386363671875 0.24715908984375 0.811079544921875 0.23863636328125 0.7883522734375
4 0.295454544921875 0.76846591015625 0.34375 0.80823863671875 0.389204544921875 0.79403408984375 0.322443181640625 0.75284091015625 0.295454544921875 0.76846591015625
