4 0.649237470703125 0.666666666015625 0.6477850390625 0.656862744140625 0.61292665234375 0.663398693359375 0.5896877265625 0.678921568359375 0.519970951171875 0.785947712890625 0.535947712890625 0.7957516328125 0.569353666015625 0.785947712890625 0.58823529296875 0.765522876953125 0.62018881640625 0.718137255859375 0.649237470703125 0.666666666015625
4 0.7015250546875 0.415849673828125 0.498184458984375 0.40196078515625 0.357298474609375 0.5457516328125 0.540305009765625 0.54248366015625 0.6042120546875 0.49754901953125 0.424110384765625 0.488562091796875 0.424110384765625 0.47794117578125 0.65068990625 0.476307189453125 0.7015250546875 0.415849673828125
4 0.6187363828125 0.309640521484375 0.5708061015625 0.25735294140625 0.37037037109375 0.239379083984375 0.43845094140625 0.31435729296875 0.6187363828125 0.309640521484375
4 0.69571532421875 0.390522876953125 0.636165578125 0.331699345703125 0.43921572265625 0.31519955859375 0.50835148828125 0.391339869140625 0.69571532421875 0.390522876953125
4 0.291938998046875 0.3251633984375 0.357298474609375 0.398692810546875 0.358731689453125 0.39877410546875 0.357298474609375 0.39705882421875 0.525780681640625 0.385620916015625 0.46768337109375 0.336601306640625 0.291938998046875 0.3251633984375
4 0.358731689453125 0.39877410546875 0.42556281640625 0.478758169921875 0.586782861328125 0.474673203125 0.53013798046875 0.408496732421875 0.358731689453125 0.39877410546875
4 0.4197530859375 0.321078431640625 0.4342774140625 0.313725490234375 0.451706607421875 0.311274509765625 0.50108932421875 0.266339869140625 0.36310820703125 0.24673202734375 0.300653595703125 0.313725490234375 0.4197530859375 0.321078431640625
4 0.355846041015625 0.39705882421875 0.422657953125 0.339052287109375 0.283224400390625 0.325980392578125 0.220769791015625 0.39787581640625 0.355846041015625 0.39705882421875
4 0.397966595703125 0.411764705078125 0.226579521484375 0.406045751953125 0.2788671015625 0.46486928125 0.438634712890625 0.46732026171875 0.397966595703125 0.411764705078125
4 0.498184458984375 0.543300654296875 0.445896876953125 0.4852941171875 0.283224400390625 0.483660130859375 0.33986928125 0.5498366015625 0.498184458984375 0.543300654296875
