1 0.6259765625 0.38671875 0.04296875 0.046875
1 0.6201171875 0.48046875 0.05078125 0.1015625
1 0.56640625 0.4423828125 0.04296875 0.03125
1 0.568359375 0.494140625 0.04296875 0.06640625
1 0.521484375 0.46875 0.03515625 0.01953125
1 0.5322265625 0.5087890625 0.017578125 0.044921875
1 0.5166015625 0.439453125 0.015625 0.01171875
1 0.501953125 0.4150390625 0.015625 0.03515625
1 0.4970703125 0.4951171875 0.01171875 0.072265625
1 0.4736328125 0.427734375 0.025390625 0.0625
1 0.47265625 0.501953125 0.0234375 0.044921875
1 0.447265625 0.5009765625 0.01171875 0.05078125
1 0.419921875 0.4384765625 0.029296875 0.12109375
1 0.4775390625 0.3564453125 0.03125 0.01953125
1 0.5361328125 0.4091796875 0.01953125 0.04296875
