0 0.498046875 0.5478515625 0.03515625 0.04296875
0 0.486328125 0.4013671875 0.03125 0.041015625
0 0.373046875 0.4052734375 0.037109375 0.046875
0 0.384765625 0.5458984375 0.03515625 0.046875
0 0.458984375 0.115234375 0.03125 0.03515625
0 0.498046875 0.0107421875 0.03125 0.021484375
0 0.4990234375 0.8515625 0.037109375 0.037109375
0 0.50390625 0.7978515625 0.025390625 0.03515625
0 0.5419921875 0.853515625 0.03515625 0.037109375
0 0.4345703125 0.84765625 0.02734375 0.03515625
0 0.3857421875 0.845703125 0.029296875 0.03125
0 0.451171875 0.939453125 0.03125 0.03515625
0 0.642578125 0.8447265625 0.029296875 0.037109375
0 0.6142578125 0.841796875 0.02734375 0.03125
