4 0.116666666015625 0.50390625 0.4305555546875 0.4984375 0.429166666015625 0.4296875 0.095833333984375 0.4328125 0.116666666015625 0.50390625
4 0.466666666015625 0.50078125 0.513888888671875 0.49921875 0.516666666015625 0.43359375 0.4569444453125 0.4359375 0.466666666015625 0.50078125
4 0.208333333984375 0.55625 0.2430555546875 0.5546875 0.20972222265625 0.54609375 0.195833333984375 0.5328125 0.125 0.5328125 0.208333333984375 0.55625
4 0.3694444453125 0.55 0.35972222265625 0.53671875 0.238888888671875 0.5359375 0.273611111328125 0.54921875 0.3069444453125 0.55078125 0.3430555546875 0.5578125 0.3694444453125 0.55
4 0.47222222265625 0.55546875 0.50972222265625 0.565625 0.52222222265625 0.55546875 0.5180555546875 0.5359375 0.41527777734375 0.53515625 0.47222222265625 0.55546875
4 0.09722222265625 0.33515625 0.1055555546875 0.390625 0.1930555546875 0.3875 0.1875 0.33515625 0.09722222265625 0.33515625
4 0.2 0.3375 0.2180555546875 0.38671875 0.283333333984375 0.3890625 0.275 0.33671875 0.2 0.3375
4 0.4 0.3875 0.40277777734375 0.36953125 0.438888888671875 0.37578125 0.458333333984375 0.35625 0.529166666015625 0.378125 0.54722222265625 0.33515625 0.2875 0.33671875 0.2944444453125 0.3859375 0.29722222265625 0.3859375 0.348611111328125 0.38671875 0.351388888671875 0.37421875 0.4 0.3875
4 0.108333333984375 0.31015625 0.09722222265625 0.32421875 0.52222222265625 0.3203125 0.529166666015625 0.3140625 0.108333333984375 0.31015625
4 0.113888888671875 0.28515625 0.10972222265625 0.3015625 0.545833333984375 0.29921875 0.561111111328125 0.28984375 0.113888888671875 0.28515625
4 0.7069444453125 0.5296875 0.74027777734375 0.56640625 0.7805555546875 0.55625 0.72222222265625 0.51796875 0.7069444453125 0.5296875
