1 0.4404296875 0.6533203125 0.02734375 0.01171875
1 0.53515625 0.64453125 0.125 0.01953125
1 0.5029296875 0.615234375 0.0390625 0.03515625
1 0.5537109375 0.6123046875 0.044921875 0.037109375
1 0.4970703125 0.5673828125 0.060546875 0.04296875
1 0.56640625 0.5625 0.0546875 0.041015625
1 0.4951171875 0.5205078125 0.04296875 0.03515625
1 0.556640625 0.5166015625 0.05859375 0.0390625
1 0.4833984375 0.4775390625 0.03125 0.02734375
1 0.5302734375 0.4755859375 0.0234375 0.01171875
1 0.4091796875 0.5625 0.0625 0.0390625
