1 0.3857421875 0.3740234375 0.04296875 0.03515625
1 0.4755859375 0.3798828125 0.095703125 0.046875
1 0.4404296875 0.435546875 0.02734375 0.0390625
1 0.490234375 0.4306640625 0.06640625 0.048828125
1 0.4658203125 0.4765625 0.01953125 0.03125
1 0.505859375 0.46875 0.0390625 0.01953125
1 0.4384765625 0.484375 0.015625 0.013671875
1 0.4951171875 0.5009765625 0.08203125 0.0078125
1 0.4091796875 0.498046875 0.03515625 0.017578125
1 0.423828125 0.5263671875 0.06640625 0.021484375
1 0.5 0.5283203125 0.04296875 0.025390625
1 0.4990234375 0.5517578125 0.04296875 0.015625
1 0.439453125 0.5791015625 0.12109375 0.029296875
1 0.3564453125 0.5263671875 0.015625 0.03125
1 0.341796875 0.4794921875 0.029296875 0.03515625
1 0.341796875 0.439453125 0.013671875 0.01953125
1 0.42578125 0.4638671875 0.01171875 0.013671875
