1 0.6015625 0.3740234375 0.04296875 0.04296875
1 0.5078125 0.3818359375 0.1015625 0.044921875
1 0.5517578125 0.4345703125 0.03515625 0.037109375
1 0.4951171875 0.4306640625 0.0703125 0.04296875
1 0.5810546875 0.466796875 0.046875 0.013671875
1 0.548828125 0.484375 0.015625 0.01953125
1 0.5244140625 0.4775390625 0.021484375 0.033203125
1 0.484375 0.46875 0.04296875 0.013671875
1 0.5751953125 0.4970703125 0.041015625 0.01171875
1 0.5 0.5048828125 0.0703125 0.015625
1 0.568359375 0.5263671875 0.05859375 0.025390625
1 0.494140625 0.5390625 0.0546875 0.05078125
1 0.548828125 0.5810546875 0.1171875 0.03515625
1 0.650390625 0.5244140625 0.052734375 0.03125
1 0.6474609375 0.4794921875 0.046875 0.04296875
1 0.650390625 0.439453125 0.048828125 0.02734375
