1 0.373046875 0.392578125 0.04296875 0.0458984375
1 0.3779296875 0.4873046875 0.0498046875 0.10546875
1 0.4326171875 0.453125 0.0380859375 0.0302734375
1 0.4306640625 0.5068359375 0.0498046875 0.07421875
1 0.4638671875 0.4189453125 0.01171875 0.037109375
1 0.4833984375 0.4462890625 0.0185546875 0.015625
1 0.4775390625 0.4716796875 0.033203125 0.0205078125
1 0.4677734375 0.5126953125 0.017578125 0.0390625
1 0.4951171875 0.419921875 0.0185546875 0.033203125
1 0.5029296875 0.5 0.013671875 0.0703125
1 0.5263671875 0.4345703125 0.0224609375 0.0673828125
1 0.5283203125 0.5087890625 0.02734375 0.0439453125
1 0.5517578125 0.5068359375 0.013671875 0.0419921875
1 0.5810546875 0.4453125 0.03125 0.1103515625
1 0.521484375 0.34765625 0.0322265625 0.0498046875
1 0.48046875 0.34765625 0.0341796875 0.02734375
1 0.439453125 0.3486328125 0.0224609375 0.02734375
