1 0.34765625 0.46484375 0.0146484375 0.0263671875
1 0.35546875 0.556640625 0.01953125 0.12109375
1 0.384765625 0.521484375 0.0361328125 0.041015625
1 0.3876953125 0.5732421875 0.033203125 0.044921875
1 0.431640625 0.5126953125 0.04296875 0.060546875
1 0.4384765625 0.580078125 0.041015625 0.0478515625
1 0.4794921875 0.513671875 0.0380859375 0.0400390625
1 0.482421875 0.56640625 0.03515625 0.0478515625
1 0.525390625 0.50390625 0.0234375 0.037109375
1 0.52734375 0.5458984375 0.0126953125 0.033203125
1 0.435546875 0.4267578125 0.048828125 0.0615234375
