1 0.4423828125 0.654296875 0.029296875 0.01171875
1 0.541015625 0.6455078125 0.12109375 0.01953125
1 0.5048828125 0.6142578125 0.046875 0.03515625
1 0.5537109375 0.615234375 0.041015625 0.033203125
1 0.4970703125 0.5654296875 0.06640625 0.046875
1 0.5625 0.5654296875 0.05078125 0.04296875
1 0.498046875 0.5205078125 0.05078125 0.033203125
1 0.5556640625 0.5185546875 0.0625 0.03515625
1 0.484375 0.478515625 0.0390625 0.02734375
1 0.5341796875 0.47265625 0.03515625 0.01953125
1 0.4111328125 0.560546875 0.0625 0.041015625
