1 0.376953125 0.4169921875 0.04296875 0.048828125
1 0.380859375 0.5048828125 0.0458984375 0.1015625
1 0.435546875 0.466796875 0.0400390625 0.0322265625
1 0.4326171875 0.5234375 0.044921875 0.0654296875
1 0.3974609375 0.3388671875 0.0146484375 0.025390625
1 0.4404296875 0.361328125 0.029296875 0.0673828125
1 0.482421875 0.3603515625 0.037109375 0.046875
1 0.5234375 0.365234375 0.033203125 0.0595703125
1 0.466796875 0.4365234375 0.0205078125 0.04296875
1 0.4853515625 0.470703125 0.0126953125 0.015625
1 0.484375 0.494140625 0.04296875 0.0283203125
1 0.46875 0.53515625 0.013671875 0.0419921875
1 0.529296875 0.52734375 0.06640625 0.03125
1 0.525390625 0.451171875 0.0224609375 0.064453125
1 0.4970703125 0.4384765625 0.013671875 0.033203125
1 0.5830078125 0.466796875 0.0322265625 0.125
