0 0.671875 0.5126953125 0.021484375 0.021484375
0 0.7001953125 0.53125 0.01953125 0.01953125
0 0.6650390625 0.533203125 0.021484375 0.021484375
0 0.638671875 0.4970703125 0.0234375 0.021484375
0 0.673828125 0.486328125 0.01953125 0.01953125
0 0.6572265625 0.4345703125 0.025390625 0.03125
0 0.6064453125 0.482421875 0.025390625 0.021484375
0 0.5771484375 0.4755859375 0.01953125 0.021484375
0 0.521484375 0.494140625 0.02734375 0.01953125
0 0.4921875 0.4736328125 0.025390625 0.02734375
0 0.431640625 0.4423828125 0.02734375 0.01953125
0 0.4609375 0.44140625 0.021484375 0.021484375
0 0.43359375 0.462890625 0.015625 0.013671875
0 0.5732421875 0.505859375 0.021484375 0.01953125
