1 0.4619140625 0.3466796875 0.025390625 0.01171875
1 0.556640625 0.3564453125 0.125 0.01953125
1 0.5185546875 0.3876953125 0.041015625 0.03515625
1 0.572265625 0.388671875 0.03515625 0.03515625
1 0.5146484375 0.4345703125 0.0546875 0.04296875
1 0.5751953125 0.435546875 0.04296875 0.0390625
1 0.513671875 0.4814453125 0.037109375 0.033203125
1 0.5693359375 0.482421875 0.046875 0.0390625
1 0.5009765625 0.5263671875 0.03125 0.021484375
1 0.5517578125 0.529296875 0.03515625 0.0078125
1 0.4228515625 0.4404296875 0.064453125 0.046875
