1 0.375 0.4072265625 0.0341796875 0.05078125
1 0.3837890625 0.5 0.048828125 0.1083984375
1 0.4345703125 0.45703125 0.0380859375 0.033203125
1 0.43359375 0.5166015625 0.0439453125 0.0791015625
1 0.484375 0.4580078125 0.01953125 0.01953125
1 0.4833984375 0.4873046875 0.044921875 0.0234375
1 0.46875 0.5244140625 0.01953125 0.0439453125
1 0.5302734375 0.5224609375 0.0693359375 0.04296875
1 0.4990234375 0.4287109375 0.015625 0.041015625
1 0.525390625 0.4453125 0.0224609375 0.0693359375
1 0.58203125 0.455078125 0.0361328125 0.11328125
1 0.5244140625 0.3544921875 0.0341796875 0.0546875
1 0.4833984375 0.353515625 0.037109375 0.056640625
1 0.439453125 0.35546875 0.033203125 0.0625
1 0.3984375 0.3330078125 0.01953125 0.021484375
1 0.4658203125 0.4453125 0.0126953125 0.029296875
