1 0.3466796875 0.4580078125 0.009765625 0.0283203125
1 0.3564453125 0.55859375 0.017578125 0.1083984375
1 0.384765625 0.515625 0.0341796875 0.0390625
1 0.388671875 0.568359375 0.0322265625 0.04296875
1 0.4345703125 0.5048828125 0.04296875 0.060546875
1 0.435546875 0.5703125 0.0390625 0.044921875
1 0.4794921875 0.5068359375 0.0400390625 0.0361328125
1 0.4814453125 0.564453125 0.0322265625 0.0615234375
1 0.5244140625 0.494140625 0.0224609375 0.029296875
1 0.529296875 0.548828125 0.01171875 0.0224609375
1 0.4375 0.41796875 0.0419921875 0.0673828125
