1 0.3759765625 0.3916015625 0.04296875 0.0517578125
1 0.380859375 0.4853515625 0.046875 0.1025390625
1 0.4345703125 0.4462890625 0.041015625 0.029296875
1 0.431640625 0.501953125 0.0439453125 0.0703125
1 0.4833984375 0.4462890625 0.0185546875 0.013671875
1 0.482421875 0.4736328125 0.041015625 0.015625
1 0.4697265625 0.5107421875 0.013671875 0.0419921875
1 0.501953125 0.509765625 0.0126953125 0.04296875
1 0.46484375 0.416015625 0.017578125 0.0439453125
1 0.498046875 0.4189453125 0.013671875 0.04296875
1 0.5283203125 0.4326171875 0.025390625 0.0625
1 0.52734375 0.505859375 0.0263671875 0.046875
1 0.552734375 0.5068359375 0.013671875 0.0458984375
1 0.580078125 0.4453125 0.03125 0.1123046875
1 0.5234375 0.349609375 0.033203125 0.048828125
1 0.4794921875 0.3427734375 0.03515625 0.044921875
1 0.5908203125 0.515625 0.01171875 0.01171875
1 0.44140625 0.357421875 0.021484375 0.01953125
