1 0.625 0.419921875 0.046875 0.04296875
1 0.6181640625 0.51171875 0.05078125 0.103515625
1 0.5654296875 0.4716796875 0.04296875 0.03125
1 0.5673828125 0.5302734375 0.044921875 0.07421875
1 0.5341796875 0.4423828125 0.01953125 0.044921875
1 0.5146484375 0.4755859375 0.01953125 0.015625
1 0.5244140625 0.5 0.033203125 0.0234375
1 0.5302734375 0.5419921875 0.01953125 0.0390625
1 0.498046875 0.521484375 0.013671875 0.0625
1 0.5029296875 0.4462890625 0.021484375 0.04296875
1 0.4716796875 0.458984375 0.01953125 0.0625
1 0.4619140625 0.5322265625 0.04296875 0.0546875
1 0.419921875 0.4755859375 0.033203125 0.12109375
1 0.4775390625 0.3701171875 0.03125 0.052734375
1 0.5166015625 0.3681640625 0.03515625 0.05078125
1 0.5615234375 0.3662109375 0.02734375 0.05078125
