1 0.3740234375 0.392578125 0.0419921875 0.0458984375
1 0.3798828125 0.4853515625 0.0458984375 0.103515625
1 0.435546875 0.4482421875 0.0400390625 0.025390625
1 0.431640625 0.5029296875 0.048828125 0.0703125
1 0.4853515625 0.447265625 0.015625 0.0087890625
1 0.4755859375 0.4736328125 0.03125 0.015625
1 0.46875 0.5126953125 0.013671875 0.0439453125
1 0.4990234375 0.421875 0.0166015625 0.0419921875
1 0.4658203125 0.41796875 0.017578125 0.041015625
1 0.5029296875 0.4951171875 0.0185546875 0.06640625
1 0.5263671875 0.43359375 0.021484375 0.06640625
1 0.5263671875 0.501953125 0.0224609375 0.052734375
1 0.5537109375 0.501953125 0.015625 0.0625
1 0.5810546875 0.4462890625 0.029296875 0.1142578125
1 0.5244140625 0.3447265625 0.033203125 0.0458984375
1 0.4814453125 0.349609375 0.0419921875 0.0400390625
1 0.439453125 0.3525390625 0.025390625 0.041015625
