1 0.3740234375 0.427734375 0.044921875 0.0546875
1 0.380859375 0.5205078125 0.04296875 0.08984375
1 0.431640625 0.478515625 0.041015625 0.02734375
1 0.4306640625 0.5390625 0.046875 0.07421875
1 0.4638671875 0.453125 0.01171875 0.0390625
1 0.4833984375 0.4853515625 0.013671875 0.01953125
1 0.4775390625 0.509765625 0.029296875 0.017578125
1 0.4697265625 0.548828125 0.017578125 0.0390625
1 0.4990234375 0.4609375 0.017578125 0.05078125
1 0.50390625 0.5361328125 0.015625 0.07421875
1 0.525390625 0.470703125 0.021484375 0.06640625
1 0.541015625 0.54296875 0.046875 0.046875
1 0.5810546875 0.48046875 0.033203125 0.1171875
1 0.521484375 0.3779296875 0.03515625 0.056640625
1 0.478515625 0.375 0.041015625 0.0546875
1 0.4384765625 0.37890625 0.025390625 0.056640625
