1 0.623046875 0.6044921875 0.044921875 0.041015625
1 0.6181640625 0.5126953125 0.04296875 0.09765625
1 0.5654296875 0.5517578125 0.041015625 0.03125
1 0.5673828125 0.4990234375 0.044921875 0.07421875
1 0.515625 0.5517578125 0.01953125 0.01171875
1 0.525390625 0.5263671875 0.03125 0.01953125
1 0.53125 0.4873046875 0.015625 0.044921875
1 0.498046875 0.5 0.013671875 0.0703125
1 0.5009765625 0.5791015625 0.01953125 0.044921875
1 0.5341796875 0.5810546875 0.01953125 0.037109375
1 0.47265625 0.53515625 0.02734375 0.123046875
1 0.447265625 0.490234375 0.013671875 0.04296875
1 0.419921875 0.5478515625 0.03515625 0.12890625
1 0.4765625 0.6484375 0.02734375 0.03515625
1 0.517578125 0.6484375 0.03515625 0.03125
1 0.5576171875 0.64453125 0.0234375 0.029296875
