4 0.214052287109375 0.430646333984375 0.2042483671875 0.464052287109375 0.214052287109375 0.480029048828125 0.321078431640625 0.4103122734375 0.336601306640625 0.38707334765625 0.343137255859375 0.3522149609375 0.333333333984375 0.350762529296875 0.281862744140625 0.37981118359375 0.234477123046875 0.41176470703125 0.214052287109375 0.430646333984375
4 0.45751633984375 0.459694990234375 0.4542483671875 0.642701525390625 0.59803921484375 0.501815541015625 0.584150326171875 0.2984749453125 0.523692810546875 0.34931009375 0.52205882421875 0.575889615234375 0.511437908203125 0.575889615234375 0.50245098046875 0.3957879453125 0.45751633984375 0.459694990234375
4 0.68564270703125 0.56154905859375 0.760620916015625 0.62962962890625 0.74264705859375 0.4291938984375 0.690359478515625 0.3812636171875 0.68564270703125 0.56154905859375
4 0.608660130859375 0.49164851171875 0.68480044140625 0.56078427734375 0.668300654296875 0.363834421875 0.609477123046875 0.30428467578125 0.608660130859375 0.49164851171875
4 0.60294117578125 0.642701525390625 0.60122589453125 0.641268310546875 0.601307189453125 0.642701525390625 0.6748366015625 0.708061001953125 0.663398693359375 0.53231662890625 0.614379083984375 0.474219318359375 0.60294117578125 0.642701525390625
4 0.591503267578125 0.46986201953125 0.525326796875 0.413217138671875 0.521241830078125 0.57443718359375 0.60122589453125 0.641268310546875 0.591503267578125 0.46986201953125
4 0.733660130859375 0.49891067578125 0.688725490234375 0.548293392578125 0.686274509765625 0.5657225859375 0.678921568359375 0.5802469140625 0.686274509765625 0.699346404296875 0.75326797265625 0.63689179296875 0.733660130859375 0.49891067578125
4 0.60212418359375 0.779230208984375 0.674019607421875 0.716775599609375 0.660947712890625 0.577342046875 0.60294117578125 0.644153958984375 0.60212418359375 0.779230208984375
4 0.53267973828125 0.561365287109375 0.53513071875 0.7211328984375 0.593954248046875 0.773420478515625 0.588235294921875 0.602033404296875 0.53267973828125 0.561365287109375
4 0.4501633984375 0.66013071875 0.516339869140625 0.716775599609375 0.5147058828125 0.554103123046875 0.456699345703125 0.501815541015625 0.4501633984375 0.66013071875
