0 0.4365234375 0.2802734375 0.021484375 0.017578125
0 0.4423828125 0.2587890625 0.021484375 0.015625
0 0.466796875 0.2724609375 0.021484375 0.0185546875
0 0.302734375 0.271484375 0.015625 0.0126953125
0 0.2607421875 0.294921875 0.0263671875 0.0234375
0 0.2568359375 0.275390625 0.0185546875 0.015625
0 0.1669921875 0.26171875 0.0205078125 0.015625
0 0.1630859375 0.27734375 0.0185546875 0.017578125
0 0.1591796875 0.330078125 0.021484375 0.021484375
0 0.1787109375 0.3271484375 0.0185546875 0.015625
0 0.2041015625 0.2626953125 0.015625 0.0126953125
0 0.2822265625 0.3203125 0.0205078125 0.015625
0 0.298828125 0.3408203125 0.0341796875 0.021484375
0 0.6865234375 0.517578125 0.0283203125 0.0185546875
0 0.6552734375 0.513671875 0.0185546875 0.0126953125
0 0.66796875 0.4892578125 0.0185546875 0.015625
0 0.6728515625 0.4755859375 0.025390625 0.015625
0 0.703125 0.484375 0.021484375 0.013671875
0 0.7626953125 0.5029296875 0.013671875 0.0126953125
0 0.703125 0.46875 0.017578125 0.009765625
0 0.716796875 0.458984375 0.017578125 0.0126953125
0 0.71875 0.4375 0.0205078125 0.015625
0 0.6943359375 0.4375 0.0185546875 0.015625
0 0.6787109375 0.4521484375 0.021484375 0.015625
0 0.6708984375 0.4375 0.015625 0.0185546875
0 0.794921875 0.458984375 0.0126953125 0.0126953125
0 0.802734375 0.5322265625 0.0126953125 0.0107421875
0 0.779296875 0.5244140625 0.025390625 0.015625
0 0.7978515625 0.498046875 0.015625 0.0185546875
0 0.77734375 0.4755859375 0.0283203125 0.017578125
0 0.814453125 0.46875 0.0185546875 0.013671875
0 0.390625 0.279296875 0.0234375 0.021484375
0 0.4072265625 0.2666015625 0.021484375 0.0234375
0 0.4423828125 0.236328125 0.021484375 0.0185546875
