0 0.509765625 0.28125 0.01953125 0.015625
0 0.47265625 0.3125 0.015625 0.015625
0 0.4912109375 0.3251953125 0.01953125 0.01953125
0 0.45703125 0.3544921875 0.025390625 0.015625
0 0.4775390625 0.392578125 0.01953125 0.01953125
0 0.451171875 0.3974609375 0.01953125 0.013671875
0 0.4462890625 0.431640625 0.01953125 0.013671875
0 0.42578125 0.4169921875 0.013671875 0.015625
0 0.423828125 0.3876953125 0.01953125 0.01953125
0 0.455078125 0.326171875 0.021484375 0.01953125
0 0.541015625 0.2490234375 0.01953125 0.021484375
0 0.669921875 0.2978515625 0.01953125 0.021484375
