1 0.6513671875 0.4599609375 0.013671875 0.03515625
1 0.6455078125 0.5537109375 0.017578125 0.1171875
1 0.6162109375 0.5185546875 0.0390625 0.044921875
1 0.6142578125 0.5703125 0.0390625 0.04296875
1 0.5673828125 0.509765625 0.04296875 0.0546875
1 0.5625 0.5751953125 0.041015625 0.044921875
1 0.5205078125 0.51171875 0.03515625 0.041015625
1 0.517578125 0.56640625 0.03515625 0.052734375
1 0.4755859375 0.49609375 0.0234375 0.03515625
1 0.47265625 0.5498046875 0.017578125 0.02734375
1 0.5654296875 0.4208984375 0.04296875 0.060546875
