1 0.5615234375 0.3466796875 0.02734375 0.01171875
1 0.4658203125 0.3564453125 0.1328125 0.017578125
1 0.50390625 0.3857421875 0.044921875 0.03515625
1 0.4462890625 0.3876953125 0.05078125 0.03125
1 0.5068359375 0.43359375 0.05859375 0.041015625
1 0.439453125 0.4345703125 0.05078125 0.0390625
1 0.5048828125 0.4794921875 0.037109375 0.03515625
1 0.44921875 0.482421875 0.05859375 0.033203125
1 0.521484375 0.5224609375 0.02734375 0.0234375
1 0.4619140625 0.5244140625 0.033203125 0.017578125
1 0.5888671875 0.4384765625 0.0546875 0.037109375
