1 0.580078125 0.6259765625 0.05078125 0.044921875
1 0.4873046875 0.619140625 0.10546875 0.05078125
1 0.5185546875 0.5654296875 0.03125 0.0390625
1 0.4619140625 0.568359375 0.0703125 0.04296875
1 0.55078125 0.533203125 0.04296875 0.015625
1 0.5205078125 0.5146484375 0.01171875 0.01953125
1 0.5478515625 0.501953125 0.0390625 0.01171875
1 0.4951171875 0.525390625 0.021484375 0.02734375
1 0.455078125 0.5302734375 0.033203125 0.015625
1 0.4716796875 0.498046875 0.072265625 0.01171875
1 0.537109375 0.4736328125 0.0625 0.0234375
1 0.46484375 0.4619140625 0.05078125 0.048828125
1 0.5234375 0.4189453125 0.12109375 0.03515625
1 0.6240234375 0.4765625 0.0546875 0.033203125
1 0.625 0.517578125 0.0546875 0.037109375
1 0.6240234375 0.5615234375 0.0546875 0.02734375
