1 0.345703125 0.4755859375 0.0107421875 0.0302734375
1 0.3564453125 0.5712890625 0.0185546875 0.123046875
1 0.3857421875 0.5263671875 0.03515625 0.0546875
1 0.388671875 0.5810546875 0.0419921875 0.0419921875
1 0.4365234375 0.525390625 0.041015625 0.0537109375
1 0.439453125 0.58984375 0.04296875 0.0517578125
1 0.4833984375 0.5537109375 0.03515625 0.103515625
1 0.5244140625 0.5107421875 0.0185546875 0.0361328125
1 0.53125 0.5654296875 0.0185546875 0.0341796875
1 0.4375 0.4375 0.041015625 0.060546875
