0 0.4990234375 0.5 0.03515625 0.02734375
0 0.478515625 0.5390625 0.01953125 0.025390625
0 0.4619140625 0.556640625 0.021484375 0.03515625
0 0.435546875 0.537109375 0.025390625 0.02734375
0 0.4765625 0.6416015625 0.021484375 0.02734375
0 0.46875 0.6005859375 0.021484375 0.01953125
0 0.451171875 0.595703125 0.015625 0.01953125
0 0.548828125 0.546875 0.01953125 0.02734375
0 0.5283203125 0.470703125 0.01171875 0.033203125
0 0.541015625 0.4765625 0.017578125 0.02734375
0 0.5576171875 0.4775390625 0.01953125 0.021484375
0 0.5791015625 0.490234375 0.01953125 0.02734375
0 0.583984375 0.599609375 0.025390625 0.025390625
0 0.552734375 0.5771484375 0.01953125 0.0234375
0 0.49609375 0.7822265625 0.01953125 0.02734375
0 0.52734375 0.7705078125 0.015625 0.02734375
0 0.541015625 0.7578125 0.01953125 0.0234375
0 0.533203125 0.732421875 0.01953125 0.015625
0 0.51953125 0.732421875 0.017578125 0.01953125
0 0.5625 0.7822265625 0.01953125 0.0234375
0 0.57421875 0.7216796875 0.015625 0.01953125
0 0.578125 0.6552734375 0.01953125 0.03125
0 0.599609375 0.6591796875 0.025390625 0.025390625
0 0.6044921875 0.5361328125 0.021484375 0.03125
0 0.5673828125 0.5078125 0.021484375 0.01953125
0 0.5927734375 0.474609375 0.021484375 0.02734375
0 0.6162109375 0.45703125 0.015625 0.0234375
0 0.623046875 0.4365234375 0.021484375 0.025390625
0 0.609375 0.4130859375 0.021484375 0.025390625
0 0.5888671875 0.419921875 0.01953125 0.025390625
0 0.6220703125 0.41015625 0.01953125 0.025390625
0 0.6591796875 0.4970703125 0.025390625 0.0234375
0 0.6513671875 0.521484375 0.017578125 0.02734375
0 0.634765625 0.505859375 0.01171875 0.021484375
0 0.623046875 0.4970703125 0.01171875 0.0234375
0 0.5712890625 0.55859375 0.01953125 0.03515625
0 0.4404296875 0.767578125 0.01953125 0.029296875
0 0.533203125 0.849609375 0.015625 0.01953125
0 0.5595703125 0.8076171875 0.015625 0.0234375
0 0.5859375 0.7861328125 0.025390625 0.029296875
0 0.5986328125 0.783203125 0.01953125 0.025390625
0 0.701171875 0.4873046875 0.021484375 0.0234375
0 0.6962890625 0.453125 0.009765625 0.021484375
0 0.7021484375 0.427734375 0.017578125 0.02734375
0 0.6845703125 0.412109375 0.01953125 0.021484375
0 0.6591796875 0.455078125 0.013671875 0.02734375
0 0.654296875 0.478515625 0.01171875 0.025390625
0 0.646484375 0.4521484375 0.01171875 0.0234375
0 0.5087890625 0.5400390625 0.02734375 0.041015625
