1 0.3759765625 0.4130859375 0.041015625 0.0478515625
1 0.380859375 0.5078125 0.0458984375 0.099609375
1 0.435546875 0.46875 0.041015625 0.0263671875
1 0.4326171875 0.53125 0.0478515625 0.080078125
1 0.46484375 0.4375 0.0185546875 0.0390625
1 0.4833984375 0.470703125 0.01953125 0.0126953125
1 0.4755859375 0.49609375 0.02734375 0.0146484375
1 0.4697265625 0.5361328125 0.0146484375 0.041015625
1 0.498046875 0.4423828125 0.0166015625 0.044921875
1 0.5029296875 0.521484375 0.0166015625 0.07421875
1 0.5263671875 0.4541015625 0.0224609375 0.0625
1 0.5390625 0.52734375 0.0458984375 0.05078125
1 0.580078125 0.4677734375 0.0380859375 0.123046875
1 0.5244140625 0.3662109375 0.033203125 0.0615234375
1 0.4814453125 0.361328125 0.0400390625 0.052734375
1 0.4404296875 0.3662109375 0.025390625 0.0595703125
