1 0.3466796875 0.458984375 0.0126953125 0.0283203125
1 0.357421875 0.5595703125 0.0166015625 0.1201171875
1 0.38671875 0.51953125 0.0361328125 0.044921875
1 0.3857421875 0.5751953125 0.0380859375 0.044921875
1 0.43359375 0.515625 0.0390625 0.0576171875
1 0.4375 0.578125 0.0341796875 0.0498046875
1 0.48046875 0.515625 0.0341796875 0.0380859375
1 0.482421875 0.5712890625 0.0380859375 0.0498046875
1 0.5234375 0.5 0.0205078125 0.0400390625
1 0.5263671875 0.5576171875 0.0205078125 0.0302734375
1 0.4384765625 0.419921875 0.05078125 0.0615234375
