4 0.330909091796875 0.44349491796875 0.328181818359375 0.39487255078125 0.215454544921875 0.397819359375 0.224545455078125 0.495064091796875 0.315454544921875 0.495064091796875 0.31363636328125 0.444968322265625 0.330909091796875 0.44349491796875
4 0.420909091796875 0.4096066015625 0.39 0.402239576171875 0.3527272734375 0.37571828515625 0.36363636328125 0.486223662109375 0.47363636328125 0.475909828125 0.469090908203125 0.381611904296875 0.420909091796875 0.4096066015625
4 0.155454544921875 0.587888611328125 0.144545455078125 0.49801090234375 0.114545455078125 0.54515986328125 0.1327272734375 0.62325033203125 0.155454544921875 0.587888611328125
4 0.19363636328125 0.477383232421875 0.1872727265625 0.412553412109375 0.165454544921875 0.4464417265625 0.18 0.53189921875 0.19363636328125 0.477383232421875
4 0.354545455078125 0.667452482421875 0.404545455078125 0.6939737734375 0.445454544921875 0.67187269921875 0.48 0.668925888671875 0.478181818359375 0.567260939453125 0.4527272734375 0.60409606640625 0.4072727265625 0.63209076171875 0.374545455078125 0.627670546875 0.345454544921875 0.605569470703125 0.321818181640625 0.635037572265625 0.32363636328125 0.6733461015625 0.3427272734375 0.6556652421875 0.354545455078125 0.667452482421875
4 0.605454544921875 0.137026669921875 0.584545455078125 0.150287314453125 0.5827272734375 0.31825548828125 0.60363636328125 0.240165021484375 0.628181818359375 0.17533519921875 0.605454544921875 0.137026669921875
4 0.719090908203125 0.278473552734375 0.668181818359375 0.259319287109375 0.6672727265625 0.3506703984375 0.711818181640625 0.34772358984375 0.719090908203125 0.278473552734375
4 0.711818181640625 0.2666863125 0.724545455078125 0.172388388671875 0.674545455078125 0.16796817578125 0.711818181640625 0.2666863125
4 0.7427272734375 0.1812288203125 0.735454544921875 0.406659791015625 0.74636363671875 0.406659791015625 0.7572727265625 0.17680860546875 0.7427272734375 0.1812288203125
4 0.8 0.325622513671875 0.774545455078125 0.30499484375 0.771818181640625 0.39634595703125 0.780909091796875 0.353617208984375 0.794545455078125 0.358037423828125 0.8 0.325622513671875
4 0.671818181640625 0.359510830078125 0.669090908203125 0.411080005859375 0.709090908203125 0.415500220703125 0.711818181640625 0.358037423828125 0.671818181640625 0.359510830078125
