1 0.3486328125 0.4619140625 0.013671875 0.01953125
1 0.3583984375 0.5576171875 0.013671875 0.09375
1 0.38671875 0.521484375 0.0341796875 0.037109375
1 0.388671875 0.5712890625 0.0302734375 0.0439453125
1 0.4345703125 0.5166015625 0.048828125 0.056640625
1 0.4365234375 0.578125 0.041015625 0.0380859375
1 0.4814453125 0.5146484375 0.0361328125 0.0361328125
1 0.4814453125 0.5732421875 0.037109375 0.0498046875
1 0.5205078125 0.5009765625 0.0244140625 0.03515625
1 0.52734375 0.5537109375 0.017578125 0.0302734375
1 0.4404296875 0.423828125 0.048828125 0.0625
