1 0.6240234375 0.57421875 0.04296875 0.05078125
1 0.619140625 0.4853515625 0.046875 0.109375
1 0.56640625 0.5234375 0.0390625 0.03125
1 0.5693359375 0.4619140625 0.044921875 0.076171875
1 0.5341796875 0.5517578125 0.013671875 0.046875
1 0.515625 0.5185546875 0.015625 0.013671875
1 0.501953125 0.544921875 0.01953125 0.04296875
1 0.5244140625 0.4921875 0.03125 0.015625
1 0.529296875 0.4541015625 0.01953125 0.04296875
1 0.4970703125 0.4697265625 0.015625 0.0703125
1 0.474609375 0.5361328125 0.021484375 0.0625
1 0.4619140625 0.4658203125 0.046875 0.0546875
1 0.4189453125 0.5263671875 0.03515625 0.119140625
1 0.4755859375 0.6240234375 0.03515625 0.0546875
1 0.5185546875 0.6279296875 0.0390625 0.05859375
1 0.560546875 0.625 0.025390625 0.056640625
