1 0.3759765625 0.427734375 0.04296875 0.0498046875
1 0.380859375 0.525390625 0.044921875 0.1103515625
1 0.4345703125 0.4833984375 0.0380859375 0.0322265625
1 0.431640625 0.548828125 0.046875 0.087890625
1 0.46484375 0.4541015625 0.0205078125 0.041015625
1 0.4853515625 0.4892578125 0.0185546875 0.009765625
1 0.4765625 0.513671875 0.0341796875 0.0185546875
1 0.4697265625 0.5537109375 0.0224609375 0.0439453125
1 0.4970703125 0.45703125 0.0244140625 0.0498046875
1 0.50390625 0.5419921875 0.0166015625 0.0703125
1 0.5263671875 0.4716796875 0.0234375 0.068359375
1 0.5380859375 0.541015625 0.0478515625 0.0595703125
1 0.5810546875 0.4833984375 0.037109375 0.1259765625
1 0.5234375 0.3828125 0.029296875 0.0595703125
1 0.482421875 0.376953125 0.037109375 0.0556640625
1 0.4384765625 0.37890625 0.0302734375 0.0556640625
