1 0.6240234375 0.41015625 0.04296875 0.052734375
1 0.6201171875 0.50390625 0.046875 0.1015625
1 0.564453125 0.4638671875 0.04296875 0.03125
1 0.568359375 0.5185546875 0.044921875 0.0625
1 0.533203125 0.4306640625 0.015625 0.046875
1 0.517578125 0.4638671875 0.015625 0.0078125
1 0.5166015625 0.490234375 0.04296875 0.01953125
1 0.53125 0.529296875 0.013671875 0.04296875
1 0.47265625 0.5244140625 0.0625 0.046875
1 0.501953125 0.435546875 0.01953125 0.03515625
1 0.4736328125 0.4453125 0.0234375 0.06640625
1 0.4208984375 0.4599609375 0.03515625 0.11328125
1 0.4765625 0.359375 0.02734375 0.046875
1 0.5205078125 0.3564453125 0.0390625 0.0546875
1 0.55859375 0.3603515625 0.02734375 0.0546875
