1 0.603515625 0.3740234375 0.046875 0.044921875
1 0.509765625 0.3798828125 0.1015625 0.05078125
1 0.5498046875 0.43359375 0.037109375 0.0390625
1 0.490234375 0.4306640625 0.080078125 0.044921875
1 0.580078125 0.4658203125 0.044921875 0.013671875
1 0.5498046875 0.484375 0.01953125 0.015625
1 0.5224609375 0.4833984375 0.0234375 0.044921875
1 0.4833984375 0.46875 0.03515625 0.015625
1 0.484375 0.50390625 0.04296875 0.013671875
1 0.580078125 0.498046875 0.04296875 0.015625
1 0.5634765625 0.52734375 0.05859375 0.025390625
1 0.49609375 0.5283203125 0.0546875 0.02734375
1 0.490234375 0.552734375 0.04296875 0.013671875
1 0.5498046875 0.580078125 0.12109375 0.0390625
1 0.6513671875 0.5244140625 0.05859375 0.03515625
1 0.6494140625 0.4833984375 0.04296875 0.03515625
1 0.650390625 0.4375 0.05078125 0.0234375
