1 0.4423828125 0.3466796875 0.037109375 0.015625
1 0.548828125 0.35546875 0.111328125 0.017578125
1 0.50390625 0.384765625 0.0390625 0.03125
1 0.5595703125 0.3896484375 0.04296875 0.03125
1 0.4990234375 0.43359375 0.0546875 0.04296875
1 0.5654296875 0.4375 0.05078125 0.04296875
1 0.4970703125 0.478515625 0.04296875 0.037109375
1 0.5546875 0.482421875 0.05078125 0.033203125
1 0.486328125 0.5205078125 0.0390625 0.029296875
1 0.5439453125 0.525390625 0.037109375 0.021484375
1 0.412109375 0.4375 0.0546875 0.044921875
