0 0.1435546875 0.9052734375 0.048828125 0.048828125
0 0.501953125 0.822265625 0.03125 0.021484375
0 0.33203125 0.787109375 0.03515625 0.0390625
0 0.185546875 0.8125 0.0390625 0.029296875
0 0.1484375 0.751953125 0.03515625 0.03125
0 0.4052734375 0.42578125 0.04296875 0.02734375
0 0.75 0.37890625 0.041015625 0.037109375
0 0.751953125 0.3310546875 0.0390625 0.05078125
0 0.666015625 0.267578125 0.044921875 0.041015625
0 0.734375 0.2353515625 0.04296875 0.03515625
0 0.6953125 0.1201171875 0.046875 0.037109375
0 0.5908203125 0.138671875 0.05078125 0.0390625
0 0.556640625 0.2265625 0.03515625 0.03515625
0 0.5234375 0.201171875 0.03515625 0.05078125
0 0.126953125 0.568359375 0.037109375 0.033203125
0 0.181640625 0.5263671875 0.046875 0.037109375
0 0.04296875 0.591796875 0.0390625 0.029296875
0 0.5380859375 0.4677734375 0.03515625 0.03515625
0 0.341796875 0.28125 0.02734375 0.04296875
0 0.4892578125 0.896484375 0.03515625 0.03125
0 0.447265625 0.7138671875 0.0390625 0.03515625
0 0.1171875 0.6826171875 0.03515625 0.03515625
0 0.6875 0.8154296875 0.03125 0.03515625
0 0.7626953125 0.759765625 0.03125 0.0390625
0 0.767578125 0.7900390625 0.02734375 0.033203125
0 0.533203125 0.806640625 0.021484375 0.03515625
0 0.6875 0.560546875 0.03125 0.033203125
0 0.875 0.814453125 0.041015625 0.03515625
