0 0.7724609375 0.515625 0.01953125 0.029296875
0 0.755859375 0.6884765625 0.013671875 0.02734375
0 0.7197265625 0.482421875 0.017578125 0.025390625
0 0.697265625 0.48046875 0.01953125 0.01953125
0 0.685546875 0.5009765625 0.01953125 0.02734375
0 0.685546875 0.599609375 0.017578125 0.017578125
0 0.6298828125 0.599609375 0.01171875 0.025390625
0 0.623046875 0.556640625 0.015625 0.02734375
0 0.607421875 0.5546875 0.01171875 0.0234375
0 0.5517578125 0.580078125 0.015625 0.01953125
0 0.505859375 0.5166015625 0.015625 0.021484375
0 0.494140625 0.46875 0.013671875 0.02734375
0 0.451171875 0.5478515625 0.017578125 0.0234375
0 0.4296875 0.494140625 0.015625 0.021484375
0 0.408203125 0.494140625 0.01953125 0.02734375
0 0.365234375 0.54296875 0.01953125 0.021484375
0 0.318359375 0.5830078125 0.01171875 0.025390625
