1 0.447265625 0.3486328125 0.03125 0.01171875
1 0.5400390625 0.353515625 0.125 0.01953125
1 0.50390625 0.3837890625 0.0546875 0.04296875
1 0.564453125 0.3876953125 0.0546875 0.04296875
1 0.5029296875 0.43359375 0.0546875 0.04296875
1 0.568359375 0.4365234375 0.046875 0.041015625
1 0.5029296875 0.478515625 0.04296875 0.03515625
1 0.5615234375 0.48046875 0.05859375 0.03515625
1 0.4892578125 0.5244140625 0.02734375 0.0234375
1 0.5390625 0.52734375 0.02734375 0.01953125
1 0.4111328125 0.4365234375 0.06640625 0.046875
