4 0.79993386328125 0.585034013671875 0.802414021484375 0.687074830078125 0.90988756640625 0.698979591796875 0.89500661328125 0.561224490234375 0.84457671875 0.561224490234375 0.84705687890625 0.619047619140625 0.838789681640625 0.619047619140625 0.83217592578125 0.518707482421875 0.79993386328125 0.585034013671875
4 0.979332009765625 0.62414966015625 0.953703703125 0.51020408203125 0.912367724609375 0.562925169921875 0.92476851953125 0.697278912109375 0.979332009765625 0.62414966015625
4 0.97354497265625 0.61054421875 0.947089947265625 0.484693876953125 0.84457671875 0.493197279296875 0.854497353515625 0.6156462578125 0.97354497265625 0.61054421875
4 0.850363755859375 0.370748298828125 0.8363095234375 0.312925169921875 0.84457671875 0.474489796875 0.87020502734375 0.428571427734375 0.850363755859375 0.370748298828125
4 0.79332010546875 0.44217687109375 0.797453703125 0.57823129296875 0.813161375 0.5459183671875 0.79332010546875 0.44217687109375
4 0.692460318359375 0.698979591796875 0.674272486328125 0.452380953125 0.5940806875 0.457482994140625 0.592427248046875 0.632653060546875 0.583333333984375 0.641156462890625 0.580853173828125 0.562925169921875 0.580853173828125 0.687074830078125 0.692460318359375 0.698979591796875
4 0.703207671875 0.41836734765625 0.696593916015625 0.460884353515625 0.698247353515625 0.678571427734375 0.72222222265625 0.617346939453125 0.703207671875 0.41836734765625
4 0.385747353515625 0.452380953125 0.369212962890625 0.707482994140625 0.47999338671875 0.7057823125 0.47337962890625 0.452380953125 0.385747353515625 0.452380953125
4 0.397321427734375 0.44217687109375 0.36259920703125 0.32993197265625 0.350198412109375 0.62755101953125 0.36259920703125 0.658163265625 0.397321427734375 0.44217687109375
4 0.279100529296875 0.37244898046875 0.248511904296875 0.6377551015625 0.2741402109375 0.698979591796875 0.284060845703125 0.440476189453125 0.279100529296875 0.37244898046875
4 0.170800263671875 0.710884353515625 0.275793650390625 0.7040816328125 0.2815806875 0.4540816328125 0.267526455078125 0.460884353515625 0.24520502734375 0.636054421875 0.2427248671875 0.46598639453125 0.1947751328125 0.469387755859375 0.170800263671875 0.710884353515625
4 0.166666666015625 0.46428571484375 0.14434523828125 0.403061224609375 0.114583333984375 0.62414966015625 0.158399470703125 0.6598639453125 0.166666666015625 0.46428571484375
4 0.118716931640625 0.62244898046875 0.23776455078125 0.619047619140625 0.24603174609375 0.31632653125 0.14434523828125 0.33163265234375 0.118716931640625 0.62244898046875
