1 0.4580078125 0.6533203125 0.02734375 0.009765625
1 0.55859375 0.6435546875 0.109375 0.017578125
1 0.515625 0.615234375 0.0390625 0.03515625
1 0.568359375 0.611328125 0.04296875 0.03125
1 0.5048828125 0.5654296875 0.060546875 0.04296875
1 0.5703125 0.564453125 0.044921875 0.0390625
1 0.5068359375 0.5205078125 0.03515625 0.0390625
1 0.564453125 0.5185546875 0.0625 0.03125
1 0.494140625 0.4755859375 0.029296875 0.0234375
1 0.548828125 0.470703125 0.0234375 0.01171875
1 0.41796875 0.5625 0.06640625 0.04296875
