1 0.376953125 0.4150390625 0.0439453125 0.048828125
1 0.3818359375 0.5107421875 0.0498046875 0.109375
1 0.4326171875 0.4736328125 0.037109375 0.03125
1 0.43359375 0.5322265625 0.0419921875 0.0693359375
1 0.466796875 0.4453125 0.0126953125 0.048828125
1 0.4853515625 0.4755859375 0.015625 0.0126953125
1 0.4765625 0.5009765625 0.0283203125 0.0166015625
1 0.470703125 0.54296875 0.015625 0.044921875
1 0.498046875 0.447265625 0.0185546875 0.0390625
1 0.5009765625 0.517578125 0.0146484375 0.052734375
1 0.5263671875 0.4609375 0.021484375 0.056640625
1 0.537109375 0.5263671875 0.0419921875 0.0615234375
1 0.580078125 0.4716796875 0.02734375 0.1171875
1 0.5234375 0.3662109375 0.033203125 0.0625
1 0.482421875 0.369140625 0.041015625 0.0556640625
1 0.4404296875 0.3671875 0.0263671875 0.0576171875
