1 0.5947265625 0.6240234375 0.044921875 0.04296875
1 0.5 0.619140625 0.1015625 0.046875
1 0.537109375 0.5634765625 0.033203125 0.0390625
1 0.48046875 0.5693359375 0.06640625 0.046875
1 0.537109375 0.515625 0.015625 0.015625
1 0.51171875 0.515625 0.017578125 0.04296875
1 0.47265625 0.5302734375 0.0390625 0.015625
1 0.4736328125 0.498046875 0.04296875 0.013671875
1 0.56640625 0.501953125 0.044921875 0.015625
1 0.568359375 0.53515625 0.04296875 0.015625
1 0.552734375 0.4716796875 0.068359375 0.02734375
1 0.4794921875 0.4609375 0.048828125 0.0546875
1 0.5439453125 0.4169921875 0.1171875 0.037109375
1 0.640625 0.4775390625 0.052734375 0.03515625
1 0.6416015625 0.5224609375 0.0390625 0.0390625
1 0.646484375 0.560546875 0.0625 0.025390625
