0 0.802734375 0.5537109375 0.03125 0.029296875
0 0.78125 0.673828125 0.03515625 0.03515625
0 0.7490234375 0.5546875 0.037109375 0.03515625
0 0.7412109375 0.62890625 0.03515625 0.03515625
0 0.955078125 0.517578125 0.041015625 0.041015625
0 0.9375 0.396484375 0.044921875 0.046875
0 0.837890625 0.408203125 0.037109375 0.041015625
0 0.7841796875 0.3798828125 0.037109375 0.03515625
0 0.751953125 0.4853515625 0.03125 0.03125
0 0.72265625 0.494140625 0.041015625 0.02734375
0 0.650390625 0.2509765625 0.041015625 0.04296875
0 0.7470703125 0.2197265625 0.04296875 0.03515625
0 0.9453125 0.134765625 0.0546875 0.037109375
0 0.833984375 0.3583984375 0.03125 0.037109375
0 0.7939453125 0.529296875 0.041015625 0.037109375
0 0.1396484375 0.712890625 0.03515625 0.03515625
0 0.1396484375 0.681640625 0.0234375 0.03125
0 0.1513671875 0.654296875 0.025390625 0.02734375
0 0.16015625 0.6337890625 0.03125 0.025390625
0 0.2294921875 0.529296875 0.03515625 0.03125
0 0.2451171875 0.498046875 0.037109375 0.041015625
0 0.181640625 0.46875 0.037109375 0.029296875
0 0.216796875 0.4619140625 0.03125 0.025390625
0 0.2421875 0.3134765625 0.03125 0.03125
0 0.1943359375 0.3232421875 0.037109375 0.02734375
0 0.2294921875 0.279296875 0.02734375 0.02734375
0 0.2509765625 0.2626953125 0.02734375 0.021484375
0 0.271484375 0.2470703125 0.03515625 0.03125
0 0.3046875 0.251953125 0.033203125 0.0234375
0 0.0751953125 0.240234375 0.033203125 0.02734375
0 0.056640625 0.275390625 0.029296875 0.02734375
0 0.146484375 0.552734375 0.033203125 0.03515625
0 0.2783203125 0.7587890625 0.03515625 0.021484375
0 0.7900390625 0.453125 0.03515625 0.02734375
