1 0.3466796875 0.5302734375 0.0078125 0.025390625
1 0.357421875 0.4345703125 0.015625 0.130859375
1 0.3896484375 0.482421875 0.04296875 0.07421875
1 0.390625 0.4140625 0.03515625 0.06640625
1 0.43359375 0.478515625 0.0390625 0.0546875
1 0.4375 0.412109375 0.041015625 0.056640625
1 0.4833984375 0.482421875 0.037109375 0.048828125
1 0.4814453125 0.419921875 0.037109375 0.05859375
1 0.5244140625 0.486328125 0.0234375 0.03515625
1 0.52734375 0.4375 0.017578125 0.0390625
1 0.439453125 0.5693359375 0.046875 0.060546875
