0 0.4873046875 0.671875 0.021484375 0.021484375
0 0.46875 0.7001953125 0.0185546875 0.0185546875
0 0.466796875 0.6650390625 0.021484375 0.021484375
0 0.5029296875 0.638671875 0.021484375 0.0234375
0 0.513671875 0.673828125 0.0185546875 0.0185546875
0 0.5654296875 0.6572265625 0.03125 0.025390625
0 0.517578125 0.6064453125 0.021484375 0.025390625
0 0.5244140625 0.5771484375 0.021484375 0.0205078125
0 0.505859375 0.521484375 0.0185546875 0.0283203125
0 0.5263671875 0.4921875 0.0283203125 0.025390625
0 0.5576171875 0.431640625 0.0185546875 0.0283203125
0 0.55859375 0.4609375 0.021484375 0.021484375
0 0.537109375 0.43359375 0.013671875 0.015625
0 0.494140625 0.5732421875 0.0185546875 0.021484375
