0 0.5927734375 0.6591796875 0.02734375 0.029296875
0 0.568359375 0.67578125 0.0234375 0.025390625
0 0.564453125 0.576171875 0.025390625 0.025390625
0 0.5556640625 0.5205078125 0.01953125 0.021484375
0 0.544921875 0.49609375 0.021484375 0.02734375
0 0.49609375 0.466796875 0.021484375 0.021484375
0 0.578125 0.3935546875 0.03125 0.03125
0 0.4755859375 0.3076171875 0.025390625 0.021484375
0 0.552734375 0.26171875 0.025390625 0.029296875
0 0.291015625 0.517578125 0.021484375 0.01953125
0 0.3173828125 0.595703125 0.0234375 0.021484375
0 0.33984375 0.619140625 0.02734375 0.03125
0 0.33984375 0.576171875 0.021484375 0.01953125
0 0.3564453125 0.599609375 0.025390625 0.025390625
0 0.427734375 0.615234375 0.02734375 0.02734375
0 0.400390625 0.7705078125 0.025390625 0.025390625
0 0.3095703125 0.70703125 0.025390625 0.025390625
0 0.306640625 0.798828125 0.03515625 0.033203125
0 0.5361328125 0.9052734375 0.03515625 0.03515625
0 0.61328125 0.751953125 0.021484375 0.025390625
0 0.662109375 0.7333984375 0.025390625 0.021484375
0 0.712890625 0.7236328125 0.021484375 0.03515625
0 0.59765625 0.806640625 0.025390625 0.02734375
0 0.595703125 0.6064453125 0.017578125 0.01953125
0 0.56640625 0.595703125 0.021484375 0.01953125
0 0.560546875 0.6083984375 0.017578125 0.025390625
0 0.6005859375 0.591796875 0.02734375 0.02734375
0 0.6630859375 0.763671875 0.02734375 0.01953125
0 0.267578125 0.5537109375 0.0234375 0.02734375
4 0.19140625 0.6630859375 0.041015625 0.05859375
4 0.216796875 0.720703125 0.03515625 0.037109375
4 0.240234375 0.755859375 0.037109375 0.037109375
4 0.314453125 0.8310546875 0.025390625 0.037109375
4 0.353515625 0.8486328125 0.04296875 0.033203125
