0 0.521484375 0.033203125 0.025390625 0.021484375
0 0.482421875 0.0390625 0.0234375 0.0234375
0 0.501953125 0.0185546875 0.01953125 0.025390625
0 0.4560546875 0.048828125 0.03515625 0.03125
0 0.4541015625 0.087890625 0.017578125 0.02734375
0 0.5029296875 0.0703125 0.03125 0.02734375
0 0.5166015625 0.142578125 0.01953125 0.025390625
0 0.513671875 0.1728515625 0.021484375 0.025390625
0 0.5693359375 0.1689453125 0.02734375 0.021484375
0 0.576171875 0.228515625 0.025390625 0.025390625
0 0.5771484375 0.29296875 0.015625 0.01171875
0 0.576171875 0.3291015625 0.01953125 0.021484375
0 0.521484375 0.3037109375 0.025390625 0.0234375
0 0.5185546875 0.236328125 0.01953125 0.01953125
0 0.466796875 0.1923828125 0.017578125 0.033203125
0 0.4345703125 0.2060546875 0.01953125 0.03515625
0 0.4404296875 0.291015625 0.021484375 0.025390625
0 0.4775390625 0.30078125 0.01953125 0.025390625
0 0.4453125 0.365234375 0.021484375 0.025390625
0 0.4833984375 0.3896484375 0.025390625 0.021484375
0 0.5185546875 0.392578125 0.02734375 0.01953125
0 0.5205078125 0.3544921875 0.021484375 0.02734375
0 0.58984375 0.390625 0.01953125 0.03125
0 0.5859375 0.419921875 0.01953125 0.01953125
0 0.5859375 0.4609375 0.013671875 0.025390625
0 0.6220703125 0.4638671875 0.021484375 0.025390625
0 0.6083984375 0.517578125 0.017578125 0.01953125
0 0.580078125 0.5009765625 0.01953125 0.025390625
0 0.564453125 0.5634765625 0.01953125 0.021484375
0 0.548828125 0.533203125 0.0234375 0.021484375
0 0.533203125 0.501953125 0.01953125 0.02734375
0 0.517578125 0.51953125 0.01953125 0.025390625
0 0.501953125 0.53515625 0.021484375 0.025390625
0 0.466796875 0.5185546875 0.021484375 0.02734375
0 0.486328125 0.478515625 0.017578125 0.0234375
0 0.498046875 0.4384765625 0.01953125 0.01953125
0 0.525390625 0.4423828125 0.021484375 0.02734375
0 0.548828125 0.439453125 0.025390625 0.03125
0 0.421875 0.427734375 0.01953125 0.02734375
0 0.3857421875 0.4462890625 0.021484375 0.02734375
0 0.4111328125 0.333984375 0.021484375 0.02734375
0 0.3740234375 0.361328125 0.01953125 0.02734375
0 0.3349609375 0.3466796875 0.02734375 0.025390625
0 0.33203125 0.412109375 0.029296875 0.041015625
0 0.3271484375 0.2470703125 0.025390625 0.025390625
0 0.3681640625 0.2685546875 0.03125 0.03125
0 0.396484375 0.2080078125 0.01953125 0.025390625
0 0.36328125 0.146484375 0.021484375 0.02734375
0 0.326171875 0.146484375 0.021484375 0.02734375
0 0.5888671875 0.5751953125 0.01953125 0.01953125
0 0.5947265625 0.6328125 0.021484375 0.01953125
0 0.5986328125 0.6796875 0.015625 0.01953125
0 0.6005859375 0.703125 0.021484375 0.021484375
0 0.6083984375 0.751953125 0.015625 0.021484375
0 0.572265625 0.70703125 0.01953125 0.029296875
0 0.5537109375 0.7119140625 0.015625 0.01953125
0 0.537109375 0.701171875 0.01171875 0.021484375
0 0.5654296875 0.6591796875 0.015625 0.021484375
0 0.560546875 0.634765625 0.021484375 0.021484375
0 0.552734375 0.6162109375 0.015625 0.02734375
0 0.544921875 0.6474609375 0.01953125 0.01953125
0 0.5244140625 0.634765625 0.01171875 0.021484375
0 0.517578125 0.658203125 0.01953125 0.0234375
0 0.50390625 0.658203125 0.013671875 0.0234375
0 0.529296875 0.736328125 0.021484375 0.02734375
0 0.513671875 0.72265625 0.021484375 0.025390625
0 0.537109375 0.7841796875 0.0234375 0.021484375
0 0.5048828125 0.5986328125 0.01953125 0.01953125
0 0.4912109375 0.607421875 0.01953125 0.01953125
0 0.4716796875 0.5966796875 0.01953125 0.021484375
