1 0.39453125 0.3310546875 0.021484375 0.015625
1 0.376953125 0.4072265625 0.0419921875 0.0419921875
1 0.384765625 0.4951171875 0.0458984375 0.103515625
1 0.43359375 0.4599609375 0.044921875 0.0361328125
1 0.4326171875 0.5166015625 0.0439453125 0.0712890625
1 0.4638671875 0.42578125 0.021484375 0.044921875
1 0.4931640625 0.439453125 0.02734375 0.0595703125
1 0.486328125 0.5146484375 0.0517578125 0.078125
1 0.537109375 0.4794921875 0.0498046875 0.1259765625
1 0.58203125 0.4609375 0.0341796875 0.1181640625
1 0.521484375 0.357421875 0.0322265625 0.056640625
1 0.4794921875 0.3515625 0.0361328125 0.044921875
1 0.439453125 0.3525390625 0.0244140625 0.0458984375
