0 0.1435546875 0.0947265625 0.048828125 0.048828125
0 0.501953125 0.177734375 0.03125 0.021484375
0 0.33203125 0.212890625 0.03515625 0.0390625
0 0.185546875 0.1875 0.0390625 0.029296875
0 0.1484375 0.248046875 0.03515625 0.03125
0 0.4052734375 0.57421875 0.04296875 0.02734375
0 0.75 0.62109375 0.041015625 0.037109375
0 0.751953125 0.6689453125 0.0390625 0.05078125
0 0.666015625 0.732421875 0.044921875 0.041015625
0 0.734375 0.7646484375 0.04296875 0.037109375
0 0.6953125 0.8798828125 0.046875 0.037109375
0 0.5908203125 0.861328125 0.05078125 0.0390625
0 0.556640625 0.7734375 0.03515625 0.03515625
0 0.5234375 0.798828125 0.03515625 0.05078125
0 0.126953125 0.431640625 0.037109375 0.033203125
0 0.181640625 0.4736328125 0.046875 0.037109375
0 0.04296875 0.408203125 0.0390625 0.02734375
0 0.5380859375 0.5322265625 0.03515625 0.03515625
0 0.341796875 0.71875 0.02734375 0.04296875
0 0.4892578125 0.103515625 0.03515625 0.03125
0 0.447265625 0.2861328125 0.0390625 0.03515625
0 0.1171875 0.3173828125 0.03515625 0.03515625
0 0.6875 0.1845703125 0.03125 0.03515625
0 0.7626953125 0.240234375 0.03125 0.0390625
0 0.767578125 0.2099609375 0.02734375 0.033203125
0 0.533203125 0.193359375 0.021484375 0.03515625
0 0.6875 0.439453125 0.03125 0.033203125
0 0.875 0.185546875 0.041015625 0.03515625
