1 0.6259765625 0.6142578125 0.03515625 0.04296875
1 0.6201171875 0.5244140625 0.046875 0.095703125
1 0.564453125 0.5595703125 0.0390625 0.02734375
1 0.5693359375 0.509765625 0.048828125 0.06640625
1 0.5234375 0.5341796875 0.03125 0.01953125
1 0.53125 0.494140625 0.01953125 0.0390625
1 0.515625 0.5615234375 0.013671875 0.015625
1 0.4990234375 0.5048828125 0.0078125 0.08203125
1 0.501953125 0.5908203125 0.017578125 0.03515625
1 0.4736328125 0.576171875 0.021484375 0.06640625
1 0.4716796875 0.5 0.025390625 0.04296875
1 0.4482421875 0.5009765625 0.015625 0.04296875
1 0.4208984375 0.560546875 0.029296875 0.12109375
1 0.4736328125 0.6435546875 0.03125 0.015625
1 0.5205078125 0.658203125 0.03515625 0.029296875
1 0.560546875 0.658203125 0.01953125 0.013671875
1 0.5361328125 0.57421875 0.013671875 0.01171875
