1 0.55078125 0.654296875 0.02734375 0.017578125
1 0.4423828125 0.6435546875 0.107421875 0.017578125
1 0.490234375 0.615234375 0.0390625 0.03515625
1 0.439453125 0.6123046875 0.037109375 0.03125
1 0.49609375 0.5654296875 0.0546875 0.041015625
1 0.43359375 0.5673828125 0.046875 0.04296875
1 0.501953125 0.5224609375 0.037109375 0.037109375
1 0.4404296875 0.51953125 0.0546875 0.037109375
1 0.5126953125 0.478515625 0.04296875 0.02734375
1 0.462890625 0.47265625 0.029296875 0.01953125
1 0.583984375 0.5615234375 0.05078125 0.046875
