0 0.681640625 0.2109375 0.029296875 0.02734375
0 0.6943359375 0.1708984375 0.0234375 0.025390625
0 0.640625 0.533203125 0.03125 0.037109375
0 0.6494140625 0.380859375 0.02734375 0.03125
0 0.650390625 0.330078125 0.03515625 0.02734375
0 0.748046875 0.33984375 0.02734375 0.01953125
0 0.5830078125 0.583984375 0.021484375 0.01953125
0 0.6015625 0.888671875 0.02734375 0.03125
0 0.5751953125 0.9013671875 0.01953125 0.02734375
0 0.529296875 0.421875 0.02734375 0.0234375
0 0.58203125 0.412109375 0.029296875 0.01953125
0 0.583984375 0.3623046875 0.021484375 0.033203125
0 0.5537109375 0.3037109375 0.02734375 0.021484375
