1 0.349609375 0.46875 0.0166015625 0.0263671875
1 0.357421875 0.5634765625 0.017578125 0.1240234375
1 0.3857421875 0.5234375 0.0322265625 0.056640625
1 0.3896484375 0.583984375 0.0322265625 0.044921875
1 0.431640625 0.5205078125 0.0458984375 0.0546875
1 0.4345703125 0.5849609375 0.0458984375 0.056640625
1 0.482421875 0.552734375 0.033203125 0.0927734375
1 0.5224609375 0.5068359375 0.0322265625 0.0380859375
1 0.5263671875 0.5576171875 0.0166015625 0.0244140625
1 0.4375 0.4296875 0.0341796875 0.0634765625
