1 0.6533203125 0.4443359375 0.01171875 0.021484375
1 0.64453125 0.5380859375 0.01953125 0.125
1 0.615234375 0.4970703125 0.0390625 0.0390625
1 0.611328125 0.5537109375 0.03515625 0.044921875
1 0.56640625 0.4931640625 0.041015625 0.0546875
1 0.5634765625 0.5634765625 0.04296875 0.05078125
1 0.5185546875 0.4921875 0.0390625 0.04296875
1 0.515625 0.5546875 0.037109375 0.05859375
1 0.4765625 0.478515625 0.0234375 0.03125
1 0.4755859375 0.529296875 0.01953125 0.03125
1 0.5625 0.404296875 0.04296875 0.0625
