1 0.3740234375 0.3955078125 0.04296875 0.052734375
1 0.380859375 0.4921875 0.0439453125 0.0986328125
1 0.4326171875 0.4501953125 0.03515625 0.029296875
1 0.431640625 0.5068359375 0.044921875 0.0751953125
1 0.46484375 0.4248046875 0.0107421875 0.037109375
1 0.484375 0.451171875 0.0166015625 0.0185546875
1 0.4990234375 0.4208984375 0.0126953125 0.0380859375
1 0.484375 0.4765625 0.0458984375 0.0185546875
1 0.46875 0.517578125 0.0166015625 0.0361328125
1 0.5029296875 0.5185546875 0.015625 0.044921875
1 0.52734375 0.43359375 0.0185546875 0.0634765625
1 0.5380859375 0.5087890625 0.044921875 0.046875
1 0.580078125 0.4482421875 0.033203125 0.1171875
1 0.525390625 0.34375 0.0302734375 0.052734375
1 0.4814453125 0.349609375 0.0341796875 0.03515625
1 0.439453125 0.3486328125 0.0244140625 0.0498046875
