0 0.48828125 0.8310546875 0.02734375 0.037109375
0 0.416015625 0.7978515625 0.01171875 0.0234375
0 0.4658203125 0.599609375 0.021484375 0.01953125
0 0.4638671875 0.576171875 0.01953125 0.017578125
0 0.462890625 0.556640625 0.013671875 0.01953125
0 0.4658203125 0.5419921875 0.017578125 0.0234375
0 0.5498046875 0.5693359375 0.021484375 0.021484375
0 0.638671875 0.560546875 0.021484375 0.01953125
0 0.716796875 0.548828125 0.01953125 0.021484375
0 0.71484375 0.490234375 0.015625 0.017578125
0 0.763671875 0.529296875 0.015625 0.021484375
0 0.7890625 0.537109375 0.021484375 0.01953125
0 0.8603515625 0.537109375 0.021484375 0.01953125
0 0.837890625 0.5234375 0.01953125 0.0234375
0 0.775390625 0.3740234375 0.021484375 0.01953125
0 0.4462890625 0.3662109375 0.01953125 0.01953125
0 0.587890625 0.6611328125 0.01953125 0.0234375
0 0.728515625 0.3583984375 0.015625 0.015625
