1 0.5908203125 0.6240234375 0.046875 0.044921875
1 0.49609375 0.619140625 0.1015625 0.046875
1 0.4951171875 0.568359375 0.111328125 0.048828125
1 0.5625 0.5341796875 0.044921875 0.01171875
1 0.533203125 0.5166015625 0.017578125 0.01953125
1 0.560546875 0.501953125 0.041015625 0.015625
1 0.505859375 0.5166015625 0.017578125 0.046875
1 0.46875 0.5322265625 0.048828125 0.015625
1 0.4716796875 0.4697265625 0.04296875 0.06640625
1 0.5478515625 0.4716796875 0.05859375 0.021484375
1 0.5322265625 0.4189453125 0.1171875 0.03515625
1 0.6376953125 0.478515625 0.0546875 0.03515625
1 0.638671875 0.5205078125 0.0625 0.0390625
1 0.638671875 0.5595703125 0.056640625 0.02734375
