1 0.4443359375 0.6533203125 0.033203125 0.01171875
1 0.5419921875 0.6455078125 0.12109375 0.01953125
1 0.5 0.6162109375 0.052734375 0.0390625
1 0.5595703125 0.609375 0.05859375 0.03125
1 0.498046875 0.568359375 0.06640625 0.0390625
1 0.5634765625 0.5634765625 0.0546875 0.041015625
1 0.4970703125 0.521484375 0.04296875 0.03515625
1 0.5556640625 0.517578125 0.0546875 0.03515625
1 0.48828125 0.478515625 0.04296875 0.021484375
1 0.533203125 0.47265625 0.033203125 0.01953125
1 0.4111328125 0.5625 0.07421875 0.046875
