0 0.482421875 0.7109375 0.025390625 0.0185546875
0 0.451171875 0.6884765625 0.0185546875 0.0205078125
0 0.5908203125 0.6748046875 0.021484375 0.015625
0 0.65234375 0.6650390625 0.03125 0.025390625
0 0.6484375 0.62109375 0.021484375 0.0205078125
0 0.423828125 0.6162109375 0.017578125 0.0185546875
0 0.4111328125 0.65625 0.025390625 0.021484375
0 0.32421875 0.63671875 0.021484375 0.0185546875
0 0.275390625 0.630859375 0.0205078125 0.021484375
0 0.333984375 0.5966796875 0.021484375 0.0205078125
0 0.4765625 0.58984375 0.0234375 0.021484375
0 0.451171875 0.5693359375 0.0205078125 0.015625
0 0.404296875 0.630859375 0.0185546875 0.0185546875
0 0.517578125 0.626953125 0.021484375 0.0205078125
0 0.525390625 0.6484375 0.0234375 0.0205078125
0 0.5341796875 0.6669921875 0.017578125 0.013671875
0 0.560546875 0.64453125 0.0185546875 0.015625
0 0.6181640625 0.580078125 0.0185546875 0.0185546875
0 0.646484375 0.60546875 0.017578125 0.0126953125
0 0.62890625 0.5263671875 0.015625 0.017578125
0 0.5693359375 0.552734375 0.021484375 0.0185546875
0 0.46484375 0.5302734375 0.0185546875 0.0126953125
0 0.65625 0.5078125 0.021484375 0.0234375
0 0.384765625 0.693359375 0.025390625 0.021484375
