1 0.376953125 0.4140625 0.041015625 0.044921875
1 0.37890625 0.505859375 0.048828125 0.099609375
1 0.4345703125 0.466796875 0.041015625 0.03515625
1 0.431640625 0.5224609375 0.04296875 0.06640625
1 0.4658203125 0.435546875 0.0185546875 0.0458984375
1 0.4853515625 0.466796875 0.0166015625 0.0107421875
1 0.498046875 0.435546875 0.0126953125 0.0419921875
1 0.482421875 0.494140625 0.037109375 0.01953125
1 0.4697265625 0.5322265625 0.017578125 0.0361328125
1 0.52734375 0.5302734375 0.0693359375 0.041015625
1 0.52734375 0.455078125 0.0224609375 0.0625
1 0.5810546875 0.46484375 0.033203125 0.1181640625
1 0.5244140625 0.3642578125 0.03515625 0.0576171875
1 0.4794921875 0.3603515625 0.0361328125 0.056640625
1 0.439453125 0.359375 0.02734375 0.05859375
