1 0.376953125 0.5830078125 0.04296875 0.048828125
1 0.380859375 0.4951171875 0.046875 0.1015625
1 0.435546875 0.533203125 0.0390625 0.03125
1 0.4326171875 0.4765625 0.044921875 0.06640625
1 0.3974609375 0.6611328125 0.015625 0.025390625
1 0.4404296875 0.638671875 0.029296875 0.06640625
1 0.482421875 0.6396484375 0.037109375 0.046875
1 0.5234375 0.634765625 0.033203125 0.05859375
1 0.466796875 0.5634765625 0.01953125 0.04296875
1 0.4853515625 0.529296875 0.01171875 0.015625
1 0.484375 0.505859375 0.04296875 0.02734375
1 0.46875 0.46484375 0.013671875 0.04296875
1 0.529296875 0.47265625 0.06640625 0.03125
1 0.525390625 0.548828125 0.0234375 0.064453125
1 0.4970703125 0.5615234375 0.013671875 0.033203125
1 0.5830078125 0.533203125 0.03125 0.125
