1 0.375 0.419921875 0.0458984375 0.0419921875
1 0.3818359375 0.51171875 0.05078125 0.103515625
1 0.4345703125 0.4716796875 0.0419921875 0.03125
1 0.4326171875 0.5302734375 0.044921875 0.0732421875
1 0.4658203125 0.4423828125 0.01953125 0.044921875
1 0.4853515625 0.4755859375 0.0185546875 0.0146484375
1 0.4755859375 0.5 0.033203125 0.0224609375
1 0.4697265625 0.5419921875 0.0185546875 0.0390625
1 0.501953125 0.521484375 0.013671875 0.0625
1 0.4970703125 0.4462890625 0.021484375 0.0439453125
1 0.5283203125 0.458984375 0.01953125 0.0634765625
1 0.5380859375 0.5322265625 0.0439453125 0.0546875
1 0.580078125 0.4755859375 0.033203125 0.12109375
1 0.5224609375 0.3701171875 0.03125 0.052734375
1 0.4833984375 0.3681640625 0.0341796875 0.0517578125
1 0.4384765625 0.3662109375 0.0283203125 0.0517578125
