1 0.3720703125 0.3876953125 0.0390625 0.04296875
1 0.380859375 0.478515625 0.0439453125 0.0986328125
1 0.4345703125 0.4404296875 0.041015625 0.0263671875
1 0.431640625 0.494140625 0.0439453125 0.060546875
1 0.4775390625 0.46484375 0.037109375 0.0166015625
1 0.4677734375 0.5068359375 0.015625 0.046875
1 0.4970703125 0.419921875 0.0166015625 0.064453125
1 0.50390625 0.4912109375 0.01953125 0.0576171875
1 0.5263671875 0.4287109375 0.01953125 0.05078125
1 0.537109375 0.5 0.0458984375 0.0400390625
1 0.578125 0.44140625 0.037109375 0.1162109375
1 0.521484375 0.357421875 0.02734375 0.01171875
1 0.46484375 0.4130859375 0.0166015625 0.0439453125
