1 0.623046875 0.40234375 0.04296875 0.046875
1 0.6201171875 0.4921875 0.046875 0.09375
1 0.564453125 0.4521484375 0.0390625 0.03515625
1 0.5673828125 0.509765625 0.04296875 0.06640625
1 0.533203125 0.42578125 0.01953125 0.04296875
1 0.5146484375 0.45703125 0.01953125 0.015625
1 0.5234375 0.4814453125 0.03125 0.01953125
1 0.5302734375 0.51953125 0.017578125 0.03515625
1 0.5009765625 0.4267578125 0.0234375 0.0390625
1 0.4951171875 0.5087890625 0.015625 0.0703125
1 0.4716796875 0.4375 0.01953125 0.064453125
1 0.470703125 0.513671875 0.02734375 0.044921875
1 0.4462890625 0.51171875 0.01953125 0.056640625
1 0.4189453125 0.455078125 0.03515625 0.12109375
1 0.4755859375 0.3525390625 0.03125 0.0546875
1 0.517578125 0.3486328125 0.0390625 0.0546875
1 0.560546875 0.3486328125 0.02734375 0.05078125
1 0.603515625 0.330078125 0.02734375 0.015625
