1 0.3466796875 0.45703125 0.009765625 0.033203125
1 0.3564453125 0.5537109375 0.013671875 0.12109375
1 0.3837890625 0.509765625 0.03515625 0.0537109375
1 0.3876953125 0.5673828125 0.0322265625 0.04296875
1 0.4345703125 0.50390625 0.0458984375 0.0517578125
1 0.4375 0.5693359375 0.04296875 0.0458984375
1 0.478515625 0.5029296875 0.03515625 0.0400390625
1 0.482421875 0.560546875 0.0341796875 0.05078125
1 0.5234375 0.4912109375 0.0205078125 0.037109375
1 0.52734375 0.5400390625 0.0146484375 0.0380859375
1 0.4384765625 0.4169921875 0.0439453125 0.0625
