1 0.447265625 0.6533203125 0.037109375 0.01171875
1 0.544921875 0.6435546875 0.111328125 0.01953125
1 0.5029296875 0.61328125 0.046875 0.041015625
1 0.5576171875 0.61328125 0.044921875 0.03515625
1 0.5009765625 0.5654296875 0.05859375 0.04296875
1 0.568359375 0.5634765625 0.060546875 0.046875
1 0.5 0.51953125 0.05078125 0.0390625
1 0.5556640625 0.517578125 0.05859375 0.0390625
1 0.482421875 0.4765625 0.0390625 0.03125
1 0.533203125 0.474609375 0.03125 0.017578125
1 0.4091796875 0.560546875 0.0625 0.046875
