0 0.314453125 0.845703125 0.052734375 0.03515625
0 0.5654296875 0.83984375 0.04296875 0.02734375
0 0.52734375 0.791015625 0.04296875 0.03515625
0 0.2978515625 0.78515625 0.03125 0.02734375
0 0.2529296875 0.806640625 0.046875 0.041015625
0 0.2060546875 0.75 0.046875 0.048828125
0 0.18359375 0.79296875 0.05078125 0.037109375
0 0.1044921875 0.904296875 0.044921875 0.033203125
0 0.203125 0.384765625 0.05078125 0.04296875
0 0.037109375 0.40234375 0.05078125 0.044921875
0 0.4697265625 0.2939453125 0.052734375 0.05078125
0 0.4677734375 0.423828125 0.05078125 0.033203125
0 0.3896484375 0.431640625 0.05078125 0.03515625
0 0.240234375 0.189453125 0.04296875 0.046875
0 0.1728515625 0.185546875 0.046875 0.041015625
0 0.044921875 0.208984375 0.056640625 0.068359375
0 0.1376953125 0.146484375 0.060546875 0.05078125
0 0.283203125 0.06640625 0.0625 0.056640625
0 0.197265625 0.0400390625 0.076171875 0.072265625
0 0.201171875 0.1044921875 0.044921875 0.037109375
0 0.080078125 0.048828125 0.037109375 0.03515625
0 0.439453125 0.1591796875 0.056640625 0.046875
0 0.4453125 0.103515625 0.05859375 0.046875
0 0.6298828125 0.07421875 0.05078125 0.044921875
0 0.69140625 0.1103515625 0.05078125 0.041015625
0 0.697265625 0.0576171875 0.078125 0.052734375
0 0.9033203125 0.087890625 0.064453125 0.037109375
0 0.91796875 0.060546875 0.056640625 0.03515625
0 0.6025390625 0.142578125 0.03515625 0.02734375
0 0.642578125 0.431640625 0.041015625 0.033203125
0 0.1103515625 0.8388671875 0.046875 0.05859375
0 0.1025390625 0.78125 0.046875 0.05859375
