4 0.467236466796875 0.76201923046875 0.26068376171875 0.77003205078125 0.276353275390625 0.87179487109375 0.465811966796875 0.838942306640625 0.462962962890625 0.822115384765625 0.341880341796875 0.82532051171875 0.34045583984375 0.813301283203125 0.46866096875 0.79246794921875 0.467236466796875 0.76201923046875
4 0.4757834765625 0.872596154296875 0.264957265625 0.88701923046875 0.326210826171875 0.958333333984375 0.545584046875 0.91907051171875 0.4757834765625 0.872596154296875
4 0.56695156640625 0.778846154296875 0.505698005859375 0.745192306640625 0.27065526953125 0.76923076953125 0.341880341796875 0.814102564453125 0.56695156640625 0.778846154296875
4 0.47150997265625 0.842147435546875 0.46866096875 0.822916666015625 0.34472934375 0.8205128203125 0.34256066796875 0.860280931640625 0.47150997265625 0.842147435546875
4 0.548433048828125 0.916666666015625 0.478632478515625 0.87179487109375 0.34757834765625 0.8830128203125 0.34223833203125 0.866191771484375 0.337606837890625 0.951121794921875 0.548433048828125 0.916666666015625
4 0.2891737890625 0.5544871796875 0.279202279296875 0.65625 0.474358974609375 0.639423076171875 0.467236466796875 0.5697115390625 0.32478632421875 0.56650641015625 0.2891737890625 0.5544871796875
4 0.515669515625 0.6786858984375 0.47293447265625 0.661858974609375 0.27777777734375 0.666666666015625 0.329059830078125 0.6963141015625 0.515669515625 0.6786858984375
4 0.478632478515625 0.54407051171875 0.2749287734375 0.55128205078125 0.33190883203125 0.5625 0.478632478515625 0.54407051171875
4 0.245014244140625 0.443910255859375 0.266381767578125 0.44951923046875 0.47293447265625 0.438301283203125 0.465811966796875 0.358173076171875 0.27065526953125 0.345352564453125 0.245014244140625 0.443910255859375
4 0.48860398828125 0.32451923046875 0.333333333984375 0.313301283203125 0.2749287734375 0.333333333984375 0.477207978515625 0.3349358984375 0.48860398828125 0.32451923046875
4 0.541310541015625 0.2259615390625 0.327635328125 0.1963141015625 0.2578347578125 0.23798076953125 0.5071225078125 0.243589744140625 0.541310541015625 0.2259615390625
4 0.25071225 0.141025640625 0.259259259765625 0.23076923046875 0.45726495703125 0.23878205078125 0.458689458984375 0.21474358984375 0.32336182421875 0.19070512890625 0.458689458984375 0.1963141015625 0.460113958984375 0.161858974609375 0.25071225 0.141025640625
4 0.501424501953125 0.1017628203125 0.297720798828125 0.067307693359375 0.252136751953125 0.12900641015625 0.460113958984375 0.13782051171875 0.501424501953125 0.1017628203125
