0 0.3876953125 0.416015625 0.03125 0.046875
0 0.4453125 0.384765625 0.021484375 0.0390625
0 0.470703125 0.4638671875 0.025390625 0.041015625
0 0.501953125 0.4326171875 0.01953125 0.03515625
0 0.5361328125 0.388671875 0.025390625 0.037109375
0 0.541015625 0.2841796875 0.01953125 0.03125
0 0.6240234375 0.30078125 0.01953125 0.03125
0 0.681640625 0.4072265625 0.02734375 0.05859375
0 0.66015625 0.537109375 0.025390625 0.04296875
0 0.5703125 0.458984375 0.01953125 0.03125
0 0.748046875 0.38671875 0.02734375 0.03515625
0 0.72265625 0.669921875 0.015625 0.0390625
0 0.79296875 0.775390625 0.02734375 0.037109375
0 0.8115234375 0.7861328125 0.01953125 0.02734375
0 0.8359375 0.775390625 0.021484375 0.02734375
0 0.837890625 0.6865234375 0.017578125 0.033203125
0 0.7919921875 0.681640625 0.025390625 0.033203125
0 0.7919921875 0.546875 0.025390625 0.05078125
0 0.7470703125 0.439453125 0.01953125 0.02734375
0 0.8037109375 0.412109375 0.01953125 0.029296875
0 0.7919921875 0.333984375 0.01953125 0.033203125
0 0.822265625 0.291015625 0.025390625 0.03515625
0 0.83203125 0.345703125 0.01953125 0.0390625
0 0.849609375 0.380859375 0.01953125 0.02734375
0 0.8720703125 0.380859375 0.015625 0.025390625
0 0.8916015625 0.3427734375 0.015625 0.033203125
0 0.9091796875 0.2568359375 0.017578125 0.033203125
0 0.888671875 0.2333984375 0.01953125 0.033203125
0 0.72265625 0.306640625 0.017578125 0.033203125
