0 0.3408203125 0.4072265625 0.029296875 0.02734375
0 0.32421875 0.431640625 0.025390625 0.0234375
0 0.423828125 0.435546875 0.025390625 0.025390625
0 0.4794921875 0.4443359375 0.021484375 0.01953125
0 0.50390625 0.455078125 0.02734375 0.021484375
0 0.533203125 0.50390625 0.021484375 0.021484375
0 0.6064453125 0.421875 0.03125 0.03125
0 0.6923828125 0.5244140625 0.021484375 0.025390625
0 0.73828125 0.447265625 0.029296875 0.025390625
0 0.482421875 0.708984375 0.01953125 0.021484375
0 0.404296875 0.6826171875 0.021484375 0.0234375
0 0.380859375 0.66015625 0.03125 0.02734375
0 0.423828125 0.66015625 0.01953125 0.021484375
0 0.400390625 0.6435546875 0.025390625 0.025390625
0 0.384765625 0.572265625 0.02734375 0.02734375
0 0.2294921875 0.599609375 0.025390625 0.025390625
0 0.29296875 0.6904296875 0.025390625 0.025390625
0 0.201171875 0.693359375 0.033203125 0.03515625
0 0.0947265625 0.4638671875 0.03515625 0.03515625
0 0.248046875 0.38671875 0.025390625 0.021484375
0 0.2666015625 0.337890625 0.021484375 0.025390625
0 0.2763671875 0.287109375 0.03515625 0.021484375
0 0.193359375 0.40234375 0.02734375 0.025390625
0 0.3935546875 0.404296875 0.01953125 0.017578125
0 0.404296875 0.43359375 0.01953125 0.021484375
0 0.3916015625 0.439453125 0.025390625 0.017578125
0 0.408203125 0.3994140625 0.02734375 0.02734375
0 0.236328125 0.3369140625 0.01953125 0.02734375
0 0.4462890625 0.732421875 0.02734375 0.0234375
