0 0.478515625 0.033203125 0.025390625 0.021484375
0 0.517578125 0.0390625 0.0234375 0.0234375
0 0.498046875 0.0185546875 0.01953125 0.025390625
0 0.5439453125 0.048828125 0.03515625 0.03125
0 0.5458984375 0.087890625 0.017578125 0.02734375
0 0.4970703125 0.0703125 0.03125 0.02734375
0 0.4833984375 0.142578125 0.01953125 0.025390625
0 0.486328125 0.1728515625 0.021484375 0.025390625
0 0.4306640625 0.1689453125 0.02734375 0.021484375
0 0.423828125 0.228515625 0.025390625 0.025390625
0 0.4228515625 0.29296875 0.015625 0.01171875
0 0.423828125 0.3291015625 0.01953125 0.021484375
0 0.478515625 0.3037109375 0.025390625 0.0234375
0 0.4814453125 0.236328125 0.01953125 0.01953125
0 0.533203125 0.1923828125 0.017578125 0.033203125
0 0.5654296875 0.2060546875 0.01953125 0.03515625
0 0.5595703125 0.291015625 0.021484375 0.025390625
0 0.5224609375 0.30078125 0.01953125 0.025390625
0 0.5546875 0.365234375 0.021484375 0.025390625
0 0.5166015625 0.3896484375 0.025390625 0.021484375
0 0.4814453125 0.392578125 0.02734375 0.01953125
0 0.4794921875 0.3544921875 0.021484375 0.02734375
0 0.41015625 0.390625 0.01953125 0.03125
0 0.4140625 0.419921875 0.01953125 0.01953125
0 0.4140625 0.4609375 0.013671875 0.025390625
0 0.3779296875 0.4638671875 0.021484375 0.025390625
0 0.3916015625 0.517578125 0.017578125 0.01953125
0 0.419921875 0.5009765625 0.01953125 0.025390625
0 0.435546875 0.5634765625 0.01953125 0.021484375
0 0.451171875 0.533203125 0.0234375 0.021484375
0 0.466796875 0.501953125 0.01953125 0.02734375
0 0.482421875 0.51953125 0.01953125 0.025390625
0 0.498046875 0.53515625 0.021484375 0.025390625
0 0.533203125 0.5185546875 0.021484375 0.02734375
0 0.513671875 0.478515625 0.017578125 0.0234375
0 0.501953125 0.4384765625 0.01953125 0.01953125
0 0.474609375 0.4423828125 0.021484375 0.02734375
0 0.451171875 0.439453125 0.025390625 0.03125
0 0.578125 0.427734375 0.01953125 0.02734375
0 0.6142578125 0.4462890625 0.021484375 0.02734375
0 0.5888671875 0.333984375 0.021484375 0.02734375
0 0.6259765625 0.361328125 0.01953125 0.02734375
0 0.6650390625 0.3466796875 0.02734375 0.025390625
0 0.66796875 0.412109375 0.029296875 0.041015625
0 0.6728515625 0.2470703125 0.025390625 0.025390625
0 0.6318359375 0.2685546875 0.03125 0.03125
0 0.603515625 0.2080078125 0.01953125 0.025390625
0 0.63671875 0.146484375 0.021484375 0.02734375
0 0.673828125 0.146484375 0.021484375 0.02734375
0 0.4111328125 0.5751953125 0.01953125 0.01953125
0 0.4052734375 0.6328125 0.021484375 0.01953125
0 0.4013671875 0.6796875 0.015625 0.01953125
0 0.3994140625 0.703125 0.021484375 0.021484375
0 0.3916015625 0.751953125 0.015625 0.021484375
0 0.427734375 0.70703125 0.01953125 0.029296875
0 0.4462890625 0.7119140625 0.015625 0.01953125
0 0.462890625 0.701171875 0.01171875 0.021484375
0 0.4345703125 0.6591796875 0.015625 0.021484375
0 0.439453125 0.634765625 0.021484375 0.021484375
0 0.447265625 0.6162109375 0.015625 0.02734375
0 0.455078125 0.6474609375 0.01953125 0.01953125
0 0.4755859375 0.634765625 0.01171875 0.021484375
0 0.482421875 0.658203125 0.01953125 0.0234375
0 0.49609375 0.658203125 0.013671875 0.0234375
0 0.470703125 0.736328125 0.021484375 0.02734375
0 0.486328125 0.72265625 0.021484375 0.025390625
0 0.462890625 0.7841796875 0.0234375 0.021484375
0 0.4951171875 0.5986328125 0.01953125 0.01953125
0 0.5087890625 0.607421875 0.01953125 0.01953125
0 0.5283203125 0.5966796875 0.01953125 0.021484375
