0 0.43359375 0.6318359375 0.0234375 0.025390625
0 0.482421875 0.6611328125 0.021484375 0.021484375
0 0.4599609375 0.6904296875 0.01953125 0.017578125
0 0.5087890625 0.6845703125 0.01171875 0.01953125
0 0.5205078125 0.71875 0.01953125 0.017578125
0 0.5283203125 0.7099609375 0.015625 0.013671875
0 0.5654296875 0.744140625 0.01953125 0.015625
0 0.6171875 0.71875 0.015625 0.013671875
0 0.619140625 0.69140625 0.01953125 0.015625
0 0.62109375 0.6328125 0.01171875 0.021484375
0 0.376953125 0.767578125 0.01953125 0.021484375
0 0.359375 0.73046875 0.021484375 0.021484375
0 0.337890625 0.7197265625 0.01953125 0.015625
0 0.3388671875 0.751953125 0.021484375 0.021484375
0 0.498046875 0.744140625 0.025390625 0.01953125
