1 0.6259765625 0.4111328125 0.04296875 0.05078125
1 0.6201171875 0.50390625 0.046875 0.1015625
1 0.564453125 0.4619140625 0.03515625 0.041015625
1 0.5673828125 0.521484375 0.04296875 0.0625
1 0.53515625 0.4296875 0.017578125 0.046875
1 0.5146484375 0.4677734375 0.013671875 0.015625
1 0.5166015625 0.490234375 0.0390625 0.0234375
1 0.53125 0.5322265625 0.015625 0.03515625
1 0.4716796875 0.52734375 0.06640625 0.0390625
1 0.501953125 0.4404296875 0.01171875 0.04296875
1 0.474609375 0.4521484375 0.0234375 0.0625
1 0.419921875 0.4638671875 0.03125 0.11328125
1 0.4765625 0.365234375 0.03125 0.056640625
1 0.5166015625 0.3671875 0.0390625 0.044921875
1 0.5615234375 0.361328125 0.025390625 0.0625
1 0.603515625 0.337890625 0.01953125 0.015625
