1 0.3466796875 0.4462890625 0.017578125 0.021484375
1 0.3564453125 0.5380859375 0.021484375 0.12890625
1 0.384765625 0.501953125 0.03515625 0.04296875
1 0.388671875 0.5556640625 0.029296875 0.04296875
1 0.4345703125 0.5 0.04296875 0.0625
1 0.4365234375 0.564453125 0.0390625 0.05078125
1 0.478515625 0.49609375 0.0390625 0.04296875
1 0.4814453125 0.552734375 0.033203125 0.05859375
1 0.5244140625 0.484375 0.01953125 0.0390625
1 0.5263671875 0.533203125 0.015625 0.02734375
1 0.4384765625 0.412109375 0.04296875 0.05078125
