1 0.6552734375 0.5556640625 0.015625 0.033203125
1 0.642578125 0.458984375 0.021484375 0.1328125
1 0.615234375 0.5 0.03125 0.0390625
1 0.611328125 0.4482421875 0.033203125 0.0390625
1 0.568359375 0.50390625 0.04296875 0.05859375
1 0.5634765625 0.435546875 0.04296875 0.056640625
1 0.51953125 0.5087890625 0.041015625 0.0390625
1 0.5185546875 0.4482421875 0.03515625 0.05859375
1 0.4794921875 0.5224609375 0.025390625 0.033203125
1 0.478515625 0.4619140625 0.01953125 0.048828125
1 0.55859375 0.587890625 0.0546875 0.044921875
