4 0.671818181640625 0.39487255078125 0.669090908203125 0.44349491796875 0.68636363671875 0.444968322265625 0.684545455078125 0.495064091796875 0.775454544921875 0.495064091796875 0.784545455078125 0.397819359375 0.671818181640625 0.39487255078125
4 0.61 0.402239576171875 0.579090908203125 0.4096066015625 0.530909091796875 0.381611904296875 0.52636363671875 0.475909828125 0.63636363671875 0.486223662109375 0.6472727265625 0.37571828515625 0.61 0.402239576171875
4 0.855454544921875 0.49801090234375 0.844545455078125 0.587888611328125 0.8672727265625 0.62325033203125 0.885454544921875 0.54515986328125 0.855454544921875 0.49801090234375
4 0.8127272734375 0.412553412109375 0.80636363671875 0.477383232421875 0.82 0.53189921875 0.834545455078125 0.4464417265625 0.8127272734375 0.412553412109375
4 0.595454544921875 0.6939737734375 0.645454544921875 0.667452482421875 0.6572727265625 0.6556652421875 0.67636363671875 0.6733461015625 0.678181818359375 0.635037572265625 0.654545455078125 0.605569470703125 0.625454544921875 0.627670546875 0.5927272734375 0.63209076171875 0.5472727265625 0.60409606640625 0.521818181640625 0.567260939453125 0.52 0.668925888671875 0.554545455078125 0.67187269921875 0.595454544921875 0.6939737734375
4 0.371818181640625 0.17533519921875 0.39636363671875 0.240165021484375 0.4172727265625 0.31825548828125 0.415454544921875 0.150287314453125 0.394545455078125 0.137026669921875 0.371818181640625 0.17533519921875
4 0.331818181640625 0.259319287109375 0.280909091796875 0.278473552734375 0.288181818359375 0.34772358984375 0.3327272734375 0.3506703984375 0.331818181640625 0.259319287109375
4 0.275454544921875 0.172388388671875 0.288181818359375 0.2666863125 0.325454544921875 0.16796817578125 0.275454544921875 0.172388388671875
4 0.264545455078125 0.406659791015625 0.2572727265625 0.1812288203125 0.2427272734375 0.17680860546875 0.25363636328125 0.406659791015625 0.264545455078125 0.406659791015625
4 0.205454544921875 0.358037423828125 0.219090908203125 0.353617208984375 0.228181818359375 0.39634595703125 0.225454544921875 0.30499484375 0.2 0.325622513671875 0.205454544921875 0.358037423828125
4 0.330909091796875 0.411080005859375 0.328181818359375 0.359510830078125 0.288181818359375 0.358037423828125 0.290909091796875 0.415500220703125 0.330909091796875 0.411080005859375
