0 0.173828125 0.599609375 0.03515625 0.046875
0 0.111328125 0.595703125 0.03125 0.03515625
0 0.0751953125 0.5830078125 0.04296875 0.046875
0 0.1689453125 0.466796875 0.03515625 0.0390625
0 0.2744140625 0.5703125 0.03515625 0.05078125
0 0.310546875 0.55859375 0.03125 0.046875
0 0.3408203125 0.5546875 0.041015625 0.06640625
0 0.376953125 0.548828125 0.03515625 0.052734375
0 0.4091796875 0.5400390625 0.04296875 0.052734375
0 0.447265625 0.490234375 0.03515625 0.046875
0 0.4736328125 0.482421875 0.041015625 0.04296875
0 0.177734375 0.3251953125 0.0390625 0.046875
0 0.13671875 0.326171875 0.03125 0.041015625
0 0.15625 0.732421875 0.03125 0.046875
