1 0.5849609375 0.623046875 0.046875 0.04296875
1 0.4931640625 0.6181640625 0.1015625 0.046875
1 0.529296875 0.564453125 0.03515625 0.0390625
1 0.474609375 0.568359375 0.07421875 0.04296875
1 0.55859375 0.5341796875 0.046875 0.01953125
1 0.560546875 0.501953125 0.044921875 0.01953125
1 0.52734375 0.515625 0.015625 0.01953125
1 0.50390625 0.5166015625 0.0234375 0.04296875
1 0.462890625 0.53125 0.044921875 0.017578125
1 0.4638671875 0.4970703125 0.048828125 0.01171875
1 0.51171875 0.462890625 0.130859375 0.046875
1 0.5283203125 0.4169921875 0.12109375 0.0390625
1 0.6337890625 0.4775390625 0.056640625 0.037109375
1 0.634765625 0.5205078125 0.05078125 0.0390625
1 0.634765625 0.5615234375 0.05078125 0.025390625
