1 0.4716796875 0.34765625 0.03125 0.0078125
1 0.5625 0.357421875 0.12109375 0.01953125
1 0.5283203125 0.3876953125 0.052734375 0.03515625
1 0.583984375 0.3896484375 0.04296875 0.033203125
1 0.521484375 0.43359375 0.060546875 0.04296875
1 0.580078125 0.4365234375 0.046875 0.041015625
1 0.51953125 0.4814453125 0.04296875 0.0390625
1 0.5732421875 0.4794921875 0.05078125 0.03515625
1 0.5107421875 0.5263671875 0.041015625 0.03125
1 0.5634765625 0.53125 0.03515625 0.0234375
1 0.4345703125 0.4404296875 0.064453125 0.05078125
