1 0.50390625 0.349609375 0.02734375 0.017578125
1 0.412109375 0.3583984375 0.125 0.015625
1 0.4462890625 0.3876953125 0.048828125 0.0390625
1 0.3896484375 0.388671875 0.0546875 0.0390625
1 0.4541015625 0.4365234375 0.05859375 0.04296875
1 0.3837890625 0.4375 0.0546875 0.0390625
1 0.4541015625 0.482421875 0.048828125 0.03515625
1 0.3984375 0.486328125 0.0546875 0.03515625
1 0.46484375 0.5205078125 0.0390625 0.02734375
1 0.4111328125 0.5224609375 0.046875 0.02734375
1 0.5458984375 0.439453125 0.0625 0.041015625
