1 0.451171875 0.345703125 0.02734375 0.01171875
1 0.5546875 0.3544921875 0.11328125 0.01953125
1 0.5107421875 0.3857421875 0.0390625 0.037109375
1 0.5673828125 0.388671875 0.04296875 0.03125
1 0.5048828125 0.4345703125 0.05859375 0.04296875
1 0.5712890625 0.4384765625 0.046875 0.037109375
1 0.5029296875 0.4794921875 0.03515625 0.03515625
1 0.5625 0.4833984375 0.05078125 0.03125
1 0.4892578125 0.5234375 0.05078125 0.01953125
1 0.54296875 0.5302734375 0.0234375 0.021484375
1 0.416015625 0.4384765625 0.0625 0.04296875
