4 0.161210318359375 0.380952380859375 0.16782407421875 0.481292517578125 0.20006613671875 0.414965986328125 0.197585978515625 0.312925169921875 0.09011243359375 0.301020408203125 0.10499338671875 0.438775509765625 0.15542328125 0.438775509765625 0.15294312109375 0.380952380859375 0.161210318359375 0.380952380859375
4 0.087632275390625 0.437074830078125 0.07523148046875 0.302721087890625 0.020667990234375 0.37585033984375 0.046296296875 0.48979591796875 0.087632275390625 0.437074830078125
4 0.15542328125 0.506802720703125 0.145502646484375 0.3843537421875 0.02645502734375 0.38945578125 0.052910052734375 0.515306123046875 0.15542328125 0.506802720703125
4 0.15542328125 0.525510203125 0.12979497265625 0.571428572265625 0.149636244140625 0.629251701171875 0.1636904765625 0.687074830078125 0.15542328125 0.525510203125
4 0.186838625 0.4540816328125 0.20667989453125 0.55782312890625 0.202546296875 0.42176870703125 0.186838625 0.4540816328125
4 0.416666666015625 0.358843537109375 0.419146826171875 0.437074830078125 0.419146826171875 0.312925169921875 0.307539681640625 0.301020408203125 0.325727513671875 0.547619046875 0.4059193125 0.542517005859375 0.407572751953125 0.367346939453125 0.416666666015625 0.358843537109375
4 0.301752646484375 0.321428572265625 0.27777777734375 0.382653060546875 0.296792328125 0.58163265234375 0.303406083984375 0.539115646484375 0.301752646484375 0.321428572265625
4 0.52000661328125 0.2942176875 0.52662037109375 0.547619046875 0.614252646484375 0.547619046875 0.630787037109375 0.292517005859375 0.52000661328125 0.2942176875
4 0.649801587890625 0.37244898046875 0.63740079296875 0.341836734375 0.602678572265625 0.55782312890625 0.63740079296875 0.67006802734375 0.649801587890625 0.37244898046875
4 0.7258597890625 0.301020408203125 0.715939154296875 0.559523810546875 0.720899470703125 0.62755101953125 0.751488095703125 0.3622448984375 0.7258597890625 0.301020408203125
4 0.75479497265625 0.363945578125 0.7572751328125 0.53401360546875 0.8052248671875 0.530612244140625 0.829199736328125 0.289115646484375 0.724206349609375 0.2959183671875 0.7184193125 0.5459183671875 0.732473544921875 0.539115646484375 0.75479497265625 0.363945578125
4 0.885416666015625 0.37585033984375 0.841600529296875 0.3401360546875 0.833333333984375 0.53571428515625 0.85565476171875 0.596938775390625 0.885416666015625 0.37585033984375
4 0.75396825390625 0.68367346875 0.85565476171875 0.66836734765625 0.881283068359375 0.37755101953125 0.76223544921875 0.380952380859375 0.75396825390625 0.68367346875
