1 0.3720703125 0.396484375 0.0341796875 0.0341796875
1 0.3818359375 0.486328125 0.0419921875 0.09765625
1 0.435546875 0.4482421875 0.0400390625 0.0244140625
1 0.4326171875 0.5 0.0458984375 0.0703125
1 0.482421875 0.474609375 0.0478515625 0.0185546875
1 0.4853515625 0.4462890625 0.015625 0.015625
1 0.4697265625 0.5126953125 0.017578125 0.037109375
1 0.5029296875 0.5087890625 0.0146484375 0.0234375
1 0.525390625 0.435546875 0.0185546875 0.0634765625
1 0.52734375 0.5068359375 0.0244140625 0.0419921875
1 0.5517578125 0.5078125 0.013671875 0.0498046875
1 0.4951171875 0.4169921875 0.015625 0.03515625
1 0.4658203125 0.431640625 0.017578125 0.0126953125
1 0.580078125 0.4501953125 0.033203125 0.12109375
1 0.5244140625 0.3525390625 0.0302734375 0.0283203125
1 0.482421875 0.341796875 0.0341796875 0.013671875
