4 0.466796875 0.763671875 0.09375 0.072265625
4 0.599609375 0.7763671875 0.0830078125 0.078125
4 0.58984375 0.55078125 0.0703125 0.0654296875
4 0.5849609375 0.650390625 0.087890625 0.0859375
4 0.47265625 0.640625 0.0908203125 0.072265625
4 0.466796875 0.5341796875 0.0908203125 0.068359375
4 0.462890625 0.427734375 0.1015625 0.072265625
4 0.5810546875 0.4482421875 0.109375 0.068359375
4 0.587890625 0.328125 0.0908203125 0.0654296875
4 0.4736328125 0.318359375 0.068359375 0.068359375
4 0.474609375 0.228515625 0.0908203125 0.052734375
4 0.580078125 0.2333984375 0.099609375 0.0625
4 0.5869140625 0.1435546875 0.0751953125 0.056640625
4 0.4716796875 0.1298828125 0.0810546875 0.064453125
