1 0.3466796875 0.5556640625 0.01171875 0.021484375
1 0.35546875 0.4619140625 0.01953125 0.125
1 0.384765625 0.5029296875 0.0390625 0.0390625
1 0.388671875 0.4462890625 0.03515625 0.044921875
1 0.43359375 0.5068359375 0.041015625 0.0546875
1 0.4365234375 0.4365234375 0.04296875 0.05078125
1 0.4814453125 0.5078125 0.0390625 0.04296875
1 0.484375 0.4453125 0.037109375 0.05859375
1 0.5234375 0.521484375 0.0234375 0.03125
1 0.5244140625 0.470703125 0.01953125 0.03125
1 0.4375 0.595703125 0.04296875 0.0625
