1 0.3505859375 0.48046875 0.0205078125 0.0341796875
1 0.357421875 0.578125 0.01953125 0.126953125
1 0.3876953125 0.5390625 0.0341796875 0.0537109375
1 0.3876953125 0.599609375 0.0341796875 0.0458984375
1 0.4345703125 0.53125 0.0439453125 0.060546875
1 0.4365234375 0.599609375 0.041015625 0.0458984375
1 0.4794921875 0.5673828125 0.037109375 0.1123046875
1 0.52734375 0.517578125 0.0244140625 0.0400390625
1 0.5244140625 0.578125 0.0224609375 0.041015625
1 0.4423828125 0.439453125 0.0439453125 0.0732421875
