0 0.802734375 0.3662109375 0.015625 0.021484375
0 0.763671875 0.345703125 0.015625 0.021484375
0 0.7568359375 0.310546875 0.017578125 0.021484375
0 0.8203125 0.447265625 0.01171875 0.015625
0 0.7880859375 0.470703125 0.015625 0.021484375
0 0.7861328125 0.6044921875 0.01953125 0.021484375
0 0.837890625 0.5458984375 0.01953125 0.021484375
0 0.8349609375 0.525390625 0.021484375 0.02734375
0 0.81640625 0.498046875 0.015625 0.015625
0 0.810546875 0.5185546875 0.015625 0.017578125
0 0.7998046875 0.5322265625 0.021484375 0.021484375
0 0.8125 0.546875 0.021484375 0.017578125
0 0.810546875 0.564453125 0.015625 0.01953125
0 0.8251953125 0.58203125 0.015625 0.021484375
0 0.8359375 0.5986328125 0.01171875 0.009765625
0 0.833984375 0.611328125 0.01171875 0.01171875
0 0.8427734375 0.6259765625 0.025390625 0.015625
0 0.8515625 0.6123046875 0.01171875 0.01171875
0 0.5400390625 0.5966796875 0.01953125 0.01953125
0 0.552734375 0.5859375 0.01171875 0.015625
0 0.5400390625 0.619140625 0.013671875 0.01953125
0 0.5576171875 0.669921875 0.015625 0.02734375
0 0.548828125 0.638671875 0.009765625 0.015625
0 0.5400390625 0.572265625 0.01171875 0.015625
0 0.5263671875 0.5625 0.015625 0.01953125
0 0.5390625 0.5517578125 0.01171875 0.01953125
0 0.529296875 0.5439453125 0.013671875 0.01171875
0 0.5537109375 0.5009765625 0.009765625 0.013671875
0 0.5478515625 0.482421875 0.01171875 0.013671875
0 0.544921875 0.4609375 0.01171875 0.017578125
0 0.544921875 0.4072265625 0.01171875 0.015625
0 0.5439453125 0.421875 0.01171875 0.01171875
0 0.548828125 0.3857421875 0.01171875 0.013671875
0 0.5498046875 0.3681640625 0.015625 0.01953125
0 0.5830078125 0.7392578125 0.01171875 0.009765625
0 0.5234375 0.703125 0.01171875 0.01171875
0 0.552734375 0.71875 0.01171875 0.017578125
0 0.5810546875 0.7685546875 0.01171875 0.015625
0 0.5712890625 0.783203125 0.009765625 0.009765625
0 0.57421875 0.8017578125 0.013671875 0.01953125
0 0.443359375 0.701171875 0.015625 0.01171875
0 0.421875 0.703125 0.015625 0.01953125
0 0.4384765625 0.71484375 0.013671875 0.013671875
0 0.423828125 0.75390625 0.01171875 0.017578125
0 0.453125 0.7822265625 0.01171875 0.015625
0 0.443359375 0.798828125 0.015625 0.015625
0 0.498046875 0.755859375 0.013671875 0.01171875
0 0.5166015625 0.80078125 0.01953125 0.01953125
0 0.5390625 0.796875 0.015625 0.017578125
0 0.546875 0.8134765625 0.01171875 0.015625
0 0.501953125 0.775390625 0.009765625 0.0078125
0 0.501953125 0.7890625 0.009765625 0.01171875
0 0.4990234375 0.8076171875 0.01171875 0.01171875
0 0.4814453125 0.783203125 0.009765625 0.01171875
