0 0.2890625 0.482421875 0.01953125 0.025390625
0 0.3115234375 0.451171875 0.01953125 0.01953125
0 0.3251953125 0.5908203125 0.015625 0.021484375
0 0.3349609375 0.65234375 0.025390625 0.03125
0 0.37890625 0.6484375 0.01953125 0.021484375
0 0.3837890625 0.423828125 0.01953125 0.017578125
0 0.34375 0.4111328125 0.021484375 0.025390625
0 0.36328125 0.32421875 0.01953125 0.021484375
0 0.369140625 0.275390625 0.021484375 0.01953125
0 0.4033203125 0.333984375 0.01953125 0.021484375
0 0.41015625 0.4765625 0.021484375 0.0234375
0 0.4306640625 0.451171875 0.015625 0.01953125
0 0.369140625 0.404296875 0.01953125 0.01953125
0 0.373046875 0.517578125 0.01953125 0.021484375
0 0.3515625 0.525390625 0.01953125 0.0234375
0 0.3330078125 0.5341796875 0.013671875 0.017578125
0 0.35546875 0.560546875 0.015625 0.01953125
0 0.419921875 0.6181640625 0.01953125 0.01953125
0 0.39453125 0.646484375 0.01171875 0.017578125
0 0.4736328125 0.62890625 0.017578125 0.015625
0 0.447265625 0.5693359375 0.01953125 0.021484375
0 0.4697265625 0.46484375 0.01171875 0.01953125
0 0.4921875 0.65625 0.0234375 0.021484375
0 0.306640625 0.384765625 0.021484375 0.025390625
