1 0.625 0.4072265625 0.03515625 0.05078125
1 0.6162109375 0.5 0.048828125 0.109375
1 0.5654296875 0.45703125 0.0390625 0.033203125
1 0.56640625 0.5166015625 0.04296875 0.078125
1 0.515625 0.4580078125 0.01953125 0.01953125
1 0.5166015625 0.4873046875 0.044921875 0.0234375
1 0.53125 0.5244140625 0.01953125 0.04296875
1 0.4697265625 0.5224609375 0.0703125 0.04296875
1 0.5009765625 0.4287109375 0.015625 0.041015625
1 0.474609375 0.4453125 0.0234375 0.0703125
1 0.41796875 0.455078125 0.03515625 0.11328125
1 0.4755859375 0.3544921875 0.03515625 0.0546875
1 0.5166015625 0.353515625 0.037109375 0.056640625
1 0.560546875 0.35546875 0.033203125 0.0625
1 0.6015625 0.3330078125 0.01953125 0.021484375
1 0.5341796875 0.4453125 0.01171875 0.029296875
