1 0.3759765625 0.41015625 0.04296875 0.052734375
1 0.3798828125 0.50390625 0.0478515625 0.1025390625
1 0.435546875 0.4638671875 0.04296875 0.0302734375
1 0.431640625 0.5185546875 0.044921875 0.0634765625
1 0.466796875 0.4306640625 0.0146484375 0.0458984375
1 0.482421875 0.4638671875 0.0146484375 0.0087890625
1 0.4833984375 0.490234375 0.04296875 0.01953125
1 0.46875 0.529296875 0.013671875 0.04296875
1 0.52734375 0.5244140625 0.0615234375 0.046875
1 0.498046875 0.435546875 0.0185546875 0.03515625
1 0.5263671875 0.4453125 0.0244140625 0.0654296875
1 0.5791015625 0.4599609375 0.03515625 0.1123046875
1 0.5234375 0.359375 0.0283203125 0.0478515625
1 0.4794921875 0.3564453125 0.0380859375 0.0546875
1 0.44140625 0.3603515625 0.0263671875 0.0556640625
