1 0.3466796875 0.458984375 0.013671875 0.0263671875
1 0.3544921875 0.5595703125 0.01953125 0.1162109375
1 0.3857421875 0.5126953125 0.0380859375 0.0419921875
1 0.38671875 0.5703125 0.037109375 0.044921875
1 0.43359375 0.5087890625 0.0400390625 0.064453125
1 0.435546875 0.5712890625 0.0419921875 0.041015625
1 0.478515625 0.5068359375 0.0400390625 0.0380859375
1 0.4814453125 0.564453125 0.0341796875 0.0537109375
1 0.525390625 0.494140625 0.021484375 0.0419921875
1 0.5302734375 0.5478515625 0.017578125 0.0263671875
1 0.4375 0.42578125 0.0458984375 0.05859375
