4 0.533203125 0.236328125 0.09375 0.072265625
4 0.400390625 0.2236328125 0.08203125 0.078125
4 0.41015625 0.44921875 0.0703125 0.06640625
4 0.4150390625 0.349609375 0.087890625 0.0859375
4 0.52734375 0.359375 0.08984375 0.072265625
4 0.533203125 0.4658203125 0.08984375 0.068359375
4 0.537109375 0.572265625 0.1015625 0.072265625
4 0.4189453125 0.5517578125 0.109375 0.068359375
4 0.412109375 0.671875 0.08984375 0.06640625
4 0.5263671875 0.681640625 0.068359375 0.068359375
4 0.525390625 0.771484375 0.08984375 0.052734375
4 0.419921875 0.7666015625 0.099609375 0.0625
4 0.4130859375 0.8564453125 0.07421875 0.056640625
4 0.5283203125 0.8701171875 0.08203125 0.064453125
