0 0.5478515625 0.771484375 0.056640625 0.041015625
0 0.6494140625 0.916015625 0.052734375 0.04296875
0 0.5302734375 0.875 0.056640625 0.044921875
0 0.482421875 0.935546875 0.037109375 0.037109375
0 0.4345703125 0.943359375 0.044921875 0.037109375
0 0.40625 0.859375 0.0546875 0.0390625
0 0.361328125 0.953125 0.052734375 0.05078125
0 0.58984375 0.7216796875 0.056640625 0.041015625
0 0.6513671875 0.552734375 0.03515625 0.037109375
0 0.623046875 0.54296875 0.037109375 0.03125
0 0.453125 0.541015625 0.046875 0.03125
0 0.7080078125 0.4140625 0.04296875 0.03515625
0 0.69140625 0.3251953125 0.05078125 0.046875
0 0.564453125 0.3759765625 0.04296875 0.05078125
0 0.4677734375 0.40625 0.04296875 0.056640625
0 0.4638671875 0.462890625 0.03515625 0.03515625
0 0.517578125 0.478515625 0.033203125 0.03515625
0 0.384765625 0.2451171875 0.04296875 0.048828125
0 0.498046875 0.3056640625 0.04296875 0.02734375
0 0.462890625 0.3466796875 0.04296875 0.04296875
0 0.443359375 0.3046875 0.037109375 0.03125
0 0.4541015625 0.2822265625 0.033203125 0.03515625
0 0.337890625 0.091796875 0.046875 0.041015625
0 0.2900390625 0.20703125 0.04296875 0.03515625
0 0.298828125 0.072265625 0.052734375 0.03515625
0 0.3876953125 0.021484375 0.052734375 0.025390625
0 0.509765625 0.029296875 0.046875 0.033203125
0 0.5556640625 0.0322265625 0.05859375 0.04296875
0 0.587890625 0.095703125 0.052734375 0.046875
0 0.6591796875 0.111328125 0.05078125 0.0390625
0 0.6787109375 0.158203125 0.056640625 0.046875
0 0.849609375 0.35546875 0.052734375 0.0390625
0 0.5205078125 0.193359375 0.056640625 0.041015625
0 0.490234375 0.1279296875 0.048828125 0.037109375
0 0.4453125 0.193359375 0.05078125 0.03125
0 0.255859375 0.0146484375 0.033203125 0.029296875
0 0.859375 0.203125 0.021484375 0.02734375
0 0.798828125 0.2607421875 0.03125 0.03125
0 0.7783203125 0.240234375 0.03125 0.021484375
0 0.6767578125 0.0458984375 0.03125 0.02734375
0 0.7958984375 0.537109375 0.033203125 0.02734375
0 0.779296875 0.4794921875 0.041015625 0.03125
0 0.736328125 0.4794921875 0.03515625 0.03515625
