1 0.3740234375 0.412109375 0.0439453125 0.0537109375
1 0.380859375 0.5029296875 0.048828125 0.0986328125
1 0.4345703125 0.4609375 0.0390625 0.041015625
1 0.4326171875 0.515625 0.0458984375 0.0751953125
1 0.4677734375 0.431640625 0.0166015625 0.0439453125
1 0.498046875 0.4365234375 0.01953125 0.0458984375
1 0.486328125 0.4638671875 0.01953125 0.009765625
1 0.484375 0.4912109375 0.0419921875 0.0244140625
1 0.4677734375 0.5302734375 0.013671875 0.0380859375
1 0.5283203125 0.529296875 0.0654296875 0.0419921875
1 0.5283203125 0.4501953125 0.0244140625 0.0703125
1 0.58203125 0.4638671875 0.0361328125 0.1240234375
1 0.525390625 0.359375 0.0361328125 0.0556640625
1 0.48046875 0.359375 0.0419921875 0.046875
1 0.439453125 0.3583984375 0.029296875 0.0478515625
