0 0.6328125 0.48046875 0.01953125 0.01953125
0 0.5966796875 0.453125 0.021484375 0.01171875
0 0.5693359375 0.4541015625 0.021484375 0.01171875
0 0.6298828125 0.4228515625 0.017578125 0.01171875
0 0.646484375 0.439453125 0.021484375 0.015625
0 0.6416015625 0.3984375 0.025390625 0.015625
0 0.5712890625 0.408203125 0.01953125 0.015625
0 0.498046875 0.400390625 0.017578125 0.015625
0 0.416015625 0.4013671875 0.021484375 0.01171875
0 0.38671875 0.474609375 0.01171875 0.015625
0 0.650390625 0.486328125 0.015625 0.01171875
0 0.712890625 0.4873046875 0.013671875 0.01171875
0 0.724609375 0.4638671875 0.015625 0.01171875
0 0.572265625 0.521484375 0.017578125 0.01953125
0 0.4384765625 0.5439453125 0.017578125 0.021484375
0 0.6337890625 0.521484375 0.021484375 0.015625
0 0.599609375 0.5087890625 0.015625 0.01171875
