3 0.4560546875 0.775390625 0.310546875 0.2265625
3 0.8193359375 0.57421875 0.181640625 0.1591796875
3 0.53125 0.6357421875 0.1904296875 0.1064453125
3 0.5224609375 0.1787109375 0.1591796875 0.248046875
3 0.18359375 0.7109375 0.2060546875 0.224609375
3 0.673828125 0.7578125 0.1142578125 0.166015625
3 0.6376953125 0.4111328125 0.126953125 0.099609375
3 0.474609375 0.515625 0.146484375 0.130859375
3 0.1748046875 0.419921875 0.3017578125 0.271484375
3 0.400390625 0.3212890625 0.287109375 0.228515625
