4 0.763671875 0.533203125 0.072265625 0.09375
4 0.7763671875 0.400390625 0.078125 0.08203125
4 0.55078125 0.41015625 0.06640625 0.0703125
4 0.650390625 0.4150390625 0.0859375 0.087890625
4 0.640625 0.52734375 0.072265625 0.08984375
4 0.5341796875 0.533203125 0.068359375 0.08984375
4 0.427734375 0.537109375 0.072265625 0.1015625
4 0.4482421875 0.4189453125 0.068359375 0.109375
4 0.328125 0.412109375 0.06640625 0.08984375
4 0.318359375 0.5263671875 0.068359375 0.068359375
4 0.228515625 0.525390625 0.052734375 0.08984375
4 0.2333984375 0.419921875 0.0625 0.099609375
4 0.1435546875 0.4130859375 0.056640625 0.07421875
4 0.1298828125 0.5283203125 0.064453125 0.08203125
