1 0.625 0.4189453125 0.04296875 0.052734375
1 0.619140625 0.513671875 0.04296875 0.099609375
1 0.5634765625 0.47265625 0.037109375 0.04296875
1 0.568359375 0.5302734375 0.04296875 0.0703125
1 0.5341796875 0.4462890625 0.015625 0.046875
1 0.5146484375 0.4765625 0.01953125 0.015625
1 0.521484375 0.501953125 0.03515625 0.017578125
1 0.529296875 0.541015625 0.013671875 0.04296875
1 0.501953125 0.4443359375 0.015625 0.03515625
1 0.4990234375 0.51953125 0.01171875 0.06640625
1 0.4716796875 0.462890625 0.02734375 0.06640625
1 0.4619140625 0.5322265625 0.046875 0.04296875
1 0.41796875 0.4736328125 0.03515625 0.126953125
1 0.4775390625 0.37109375 0.03125 0.052734375
1 0.5185546875 0.3681640625 0.037109375 0.0546875
1 0.556640625 0.3681640625 0.03125 0.05859375
