0 0.8310546875 0.51171875 0.037109375 0.02734375
0 0.7978515625 0.583984375 0.0234375 0.01171875
0 0.599609375 0.5341796875 0.01953125 0.021484375
0 0.576171875 0.5361328125 0.017578125 0.01953125
0 0.556640625 0.537109375 0.01953125 0.013671875
0 0.5419921875 0.5341796875 0.0234375 0.017578125
0 0.5693359375 0.4501953125 0.021484375 0.021484375
0 0.560546875 0.361328125 0.01953125 0.021484375
0 0.548828125 0.283203125 0.021484375 0.01953125
0 0.490234375 0.28515625 0.017578125 0.015625
0 0.529296875 0.236328125 0.021484375 0.015625
0 0.537109375 0.2109375 0.01953125 0.021484375
0 0.537109375 0.1396484375 0.01953125 0.021484375
0 0.5234375 0.162109375 0.0234375 0.01953125
0 0.3740234375 0.224609375 0.01953125 0.021484375
0 0.3662109375 0.5537109375 0.01953125 0.01953125
0 0.6611328125 0.412109375 0.0234375 0.01953125
0 0.3583984375 0.271484375 0.015625 0.015625
