0 0.2822265625 0.91015625 0.03515625 0.02734375
0 0.4404296875 0.9267578125 0.048828125 0.02734375
0 0.67578125 0.853515625 0.046875 0.037109375
0 0.548828125 0.8125 0.0625 0.0390625
0 0.3828125 0.8330078125 0.056640625 0.03125
0 0.23046875 0.8251953125 0.056640625 0.03125
0 0.2705078125 0.7373046875 0.052734375 0.03515625
0 0.1796875 0.7255859375 0.056640625 0.037109375
0 0.193359375 0.6435546875 0.052734375 0.02734375
0 0.205078125 0.6162109375 0.037109375 0.025390625
0 0.1513671875 0.626953125 0.046875 0.03515625
0 0.240234375 0.537109375 0.044921875 0.03515625
0 0.380859375 0.61328125 0.07421875 0.033203125
0 0.369140625 0.7314453125 0.048828125 0.037109375
0 0.4755859375 0.6953125 0.068359375 0.052734375
0 0.5380859375 0.67578125 0.060546875 0.05078125
0 0.728515625 0.7138671875 0.05078125 0.037109375
0 0.8193359375 0.7470703125 0.052734375 0.041015625
0 0.80859375 0.6669921875 0.056640625 0.04296875
0 0.80078125 0.5283203125 0.06640625 0.03125
0 0.69921875 0.474609375 0.052734375 0.046875
0 0.666015625 0.609375 0.052734375 0.03125
0 0.5556640625 0.5439453125 0.0546875 0.037109375
0 0.583984375 0.4287109375 0.05078125 0.041015625
0 0.4609375 0.4775390625 0.068359375 0.03515625
0 0.2822265625 0.3974609375 0.0625 0.037109375
0 0.220703125 0.4150390625 0.046875 0.02734375
0 0.1162109375 0.43359375 0.07421875 0.02734375
0 0.0615234375 0.4111328125 0.056640625 0.03515625
0 0.158203125 0.310546875 0.0390625 0.03515625
0 0.2314453125 0.2822265625 0.04296875 0.041015625
0 0.4541015625 0.2509765625 0.0625 0.03515625
0 0.759765625 0.302734375 0.0625 0.03125
0 0.8212890625 0.369140625 0.037109375 0.03125
0 0.84375 0.3330078125 0.041015625 0.03515625
0 0.8837890625 0.3935546875 0.037109375 0.03515625
0 0.916015625 0.5146484375 0.037109375 0.03515625
0 0.927734375 0.65234375 0.03515625 0.03515625
0 0.8271484375 0.6162109375 0.037109375 0.0390625
0 0.814453125 0.8466796875 0.056640625 0.041015625
0 0.458984375 0.1650390625 0.046875 0.048828125
0 0.5859375 0.1611328125 0.04296875 0.033203125
0 0.6201171875 0.2470703125 0.05078125 0.0390625
0 0.6962890625 0.1845703125 0.056640625 0.025390625
0 0.826171875 0.185546875 0.03515625 0.03515625
0 0.775390625 0.2529296875 0.041015625 0.03515625
0 0.365234375 0.0556640625 0.060546875 0.0390625
0 0.326171875 0.1650390625 0.05078125 0.03515625
0 0.267578125 0.1689453125 0.05859375 0.044921875
0 0.1826171875 0.0947265625 0.05859375 0.037109375
0 0.5947265625 0.076171875 0.05078125 0.02734375
0 0.6806640625 0.099609375 0.041015625 0.037109375
0 0.5673828125 0.044921875 0.05078125 0.03125
0 0.1689453125 0.173828125 0.037109375 0.033203125
