4 0.4296875 0.570833333984375 0.4328125 0.904166666015625 0.50390625 0.883333333984375 0.4984375 0.5694444453125 0.4296875 0.570833333984375
4 0.43359375 0.483333333984375 0.4359375 0.5430555546875 0.50078125 0.533333333984375 0.49921875 0.486111111328125 0.43359375 0.483333333984375
4 0.5328125 0.804166666015625 0.5328125 0.875 0.55625 0.791666666015625 0.5546875 0.7569444453125 0.54609375 0.79027777734375 0.5328125 0.804166666015625
4 0.55078125 0.6930555546875 0.5578125 0.6569444453125 0.55 0.6305555546875 0.53671875 0.64027777734375 0.5359375 0.761111111328125 0.54921875 0.726388888671875 0.55078125 0.6930555546875
4 0.5359375 0.4819444453125 0.53515625 0.58472222265625 0.55546875 0.52777777734375 0.565625 0.49027777734375 0.55546875 0.47777777734375 0.5359375 0.4819444453125
4 0.3875 0.8069444453125 0.33515625 0.8125 0.33515625 0.90277777734375 0.390625 0.8944444453125 0.3875 0.8069444453125
4 0.3890625 0.716666666015625 0.33671875 0.725 0.3375 0.8 0.38671875 0.7819444453125 0.3890625 0.716666666015625
4 0.38671875 0.651388888671875 0.37421875 0.648611111328125 0.3875 0.6 0.36953125 0.59722222265625 0.37578125 0.561111111328125 0.35625 0.541666666015625 0.378125 0.470833333984375 0.33515625 0.45277777734375 0.33671875 0.7125 0.3859375 0.7055555546875 0.3859375 0.70277777734375 0.38671875 0.651388888671875
4 0.3203125 0.47777777734375 0.3140625 0.470833333984375 0.31015625 0.891666666015625 0.32421875 0.90277777734375 0.3203125 0.47777777734375
4 0.29921875 0.454166666015625 0.28984375 0.438888888671875 0.28515625 0.886111111328125 0.3015625 0.89027777734375 0.29921875 0.454166666015625
4 0.55625 0.2194444453125 0.51796875 0.27777777734375 0.5296875 0.2930555546875 0.56640625 0.25972222265625 0.55625 0.2194444453125
