0 0.5771484375 0.4033203125 0.01953125 0.017578125
0 0.478515625 0.361328125 0.0234375 0.01953125
0 0.5537109375 0.4677734375 0.0234375 0.0234375
0 0.60546875 0.478515625 0.021484375 0.015625
0 0.6513671875 0.5439453125 0.02734375 0.0234375
0 0.70703125 0.537109375 0.025390625 0.017578125
0 0.7412109375 0.5654296875 0.01953125 0.01953125
0 0.533203125 0.521484375 0.017578125 0.01953125
0 0.4345703125 0.5126953125 0.0234375 0.013671875
0 0.4111328125 0.505859375 0.0234375 0.01953125
0 0.4033203125 0.5302734375 0.01953125 0.01953125
0 0.431640625 0.53125 0.029296875 0.015625
0 0.330078125 0.578125 0.01953125 0.01953125
0 0.3232421875 0.595703125 0.01953125 0.01953125
0 0.326171875 0.626953125 0.0234375 0.015625
0 0.40234375 0.603515625 0.025390625 0.021484375
0 0.3740234375 0.61328125 0.0234375 0.01953125
0 0.423828125 0.6318359375 0.01953125 0.015625
0 0.40625 0.626953125 0.021484375 0.01953125
0 0.4453125 0.6416015625 0.01953125 0.01171875
0 0.4189453125 0.662109375 0.01953125 0.017578125
0 0.423828125 0.6923828125 0.01953125 0.021484375
0 0.373046875 0.4248046875 0.01953125 0.017578125
0 0.3662109375 0.41015625 0.015625 0.013671875
0 0.380859375 0.392578125 0.02734375 0.021484375
0 0.443359375 0.376953125 0.0234375 0.01953125
0 0.4560546875 0.443359375 0.01953125 0.017578125
0 0.431640625 0.4560546875 0.029296875 0.01953125
0 0.353515625 0.5068359375 0.017578125 0.017578125
0 0.349609375 0.533203125 0.01953125 0.01953125
0 0.326171875 0.4794921875 0.0234375 0.01171875
0 0.3564453125 0.474609375 0.01953125 0.01171875
0 0.3837890625 0.474609375 0.01953125 0.015625
0 0.3720703125 0.4404296875 0.017578125 0.01171875
0 0.3486328125 0.6923828125 0.0234375 0.015625
0 0.337890625 0.7099609375 0.01953125 0.015625
0 0.2939453125 0.712890625 0.025390625 0.013671875
0 0.2626953125 0.697265625 0.021484375 0.015625
