0 0.306640625 0.2783203125 0.0283203125 0.0283203125
0 0.208984375 0.3955078125 0.025390625 0.0361328125
0 0.609375 0.3828125 0.03125 0.0361328125
0 0.630859375 0.2861328125 0.025390625 0.03125
0 0.595703125 0.2578125 0.025390625 0.041015625
0 0.646484375 0.232421875 0.0234375 0.0185546875
0 0.6767578125 0.2158203125 0.0263671875 0.03125
0 0.8154296875 0.138671875 0.03125 0.0341796875
0 0.8203125 0.37109375 0.03125 0.037109375
0 0.8330078125 0.298828125 0.0283203125 0.03125
0 0.849609375 0.439453125 0.029296875 0.041015625
0 0.7294921875 0.4541015625 0.03125 0.03125
0 0.703125 0.404296875 0.0263671875 0.029296875
0 0.693359375 0.2822265625 0.0283203125 0.0283203125
0 0.61328125 0.794921875 0.025390625 0.0283203125
0 0.6328125 0.7509765625 0.0185546875 0.0283203125
0 0.642578125 0.7177734375 0.025390625 0.029296875
0 0.619140625 0.607421875 0.03125 0.033203125
0 0.720703125 0.54296875 0.03125 0.0263671875
0 0.720703125 0.486328125 0.025390625 0.03125
0 0.83984375 0.82421875 0.0361328125 0.037109375
0 0.7890625 0.875 0.0283203125 0.0439453125
0 0.724609375 0.8818359375 0.0234375 0.0283203125
0 0.8251953125 0.65625 0.025390625 0.03125
0 0.822265625 0.75390625 0.021484375 0.025390625
0 0.845703125 0.748046875 0.03125 0.0283203125
