0 0.552734375 0.1435546875 0.0390625 0.029296875
0 0.6767578125 0.5703125 0.03515625 0.03125
0 0.71875 0.5478515625 0.04296875 0.029296875
0 0.677734375 0.4794921875 0.037109375 0.03515625
0 0.6591796875 0.4326171875 0.041015625 0.041015625
0 0.6669921875 0.3876953125 0.037109375 0.03515625
0 0.455078125 0.427734375 0.04296875 0.03515625
0 0.41796875 0.3408203125 0.03515625 0.041015625
0 0.3740234375 0.32421875 0.03125 0.03515625
0 0.3369140625 0.322265625 0.03515625 0.04296875
0 0.4443359375 0.23828125 0.03515625 0.03515625
0 0.4267578125 0.234375 0.037109375 0.037109375
0 0.4580078125 0.2705078125 0.0390625 0.025390625
0 0.4267578125 0.271484375 0.03515625 0.02734375
0 0.330078125 0.078125 0.05078125 0.02734375
0 0.5029296875 0.1259765625 0.041015625 0.02734375
0 0.70703125 0.1005859375 0.04296875 0.029296875
0 0.705078125 0.12890625 0.04296875 0.02734375
0 0.58203125 0.0283203125 0.03515625 0.03515625
0 0.6708984375 0.2880859375 0.04296875 0.025390625
0 0.6708984375 0.326171875 0.04296875 0.021484375
0 0.3251953125 0.6298828125 0.056640625 0.037109375
0 0.3349609375 0.564453125 0.041015625 0.03515625
0 0.181640625 0.6357421875 0.05859375 0.046875
0 0.1640625 0.705078125 0.04296875 0.04296875
0 0.1640625 0.84765625 0.04296875 0.02734375
0 0.283203125 0.82421875 0.041015625 0.033203125
0 0.4970703125 0.798828125 0.046875 0.03515625
0 0.615234375 0.7763671875 0.046875 0.021484375
0 0.6982421875 0.822265625 0.046875 0.037109375
0 0.587890625 0.9072265625 0.03515625 0.03515625
0 0.3662109375 0.9501953125 0.0625 0.04296875
0 0.3740234375 0.435546875 0.03515625 0.01953125
0 0.380859375 0.466796875 0.03515625 0.021484375
0 0.3828125 0.400390625 0.03515625 0.02734375
0 0.81640625 0.5126953125 0.04296875 0.02734375
0 0.8193359375 0.8486328125 0.037109375 0.037109375
0 0.4462890625 0.5947265625 0.046875 0.02734375
0 0.169921875 0.4794921875 0.03515625 0.03125
0 0.298828125 0.7431640625 0.03515625 0.037109375
0 0.3779296875 0.736328125 0.041015625 0.025390625
0 0.4052734375 0.7060546875 0.041015625 0.033203125
