1 0.626953125 0.599609375 0.04296875 0.044921875
1 0.6181640625 0.509765625 0.046875 0.09765625
1 0.56640625 0.544921875 0.0390625 0.02734375
1 0.5673828125 0.494140625 0.044921875 0.06640625
1 0.5166015625 0.5478515625 0.01953125 0.0078125
1 0.5224609375 0.5205078125 0.033203125 0.01953125
1 0.53125 0.4833984375 0.015625 0.033203125
1 0.4970703125 0.5009765625 0.013671875 0.068359375
1 0.5029296875 0.5751953125 0.015625 0.04296875
1 0.5361328125 0.5791015625 0.01953125 0.037109375
1 0.474609375 0.5625 0.0234375 0.064453125
1 0.4716796875 0.4912109375 0.02734375 0.05078125
1 0.44921875 0.490234375 0.015625 0.04296875
1 0.4208984375 0.5498046875 0.03125 0.123046875
1 0.517578125 0.6455078125 0.0390625 0.0390625
1 0.4765625 0.6494140625 0.029296875 0.056640625
1 0.5595703125 0.6455078125 0.0234375 0.0390625
