0 0.462890625 0.6435546875 0.021484375 0.025390625
0 0.3955078125 0.578125 0.01953125 0.015625
0 0.4404296875 0.572265625 0.025390625 0.0234375
0 0.443359375 0.826171875 0.015625 0.021484375
0 0.4541015625 0.8388671875 0.015625 0.0234375
0 0.494140625 0.69921875 0.01953125 0.015625
0 0.4541015625 0.6962890625 0.015625 0.01953125
0 0.3994140625 0.2138671875 0.017578125 0.017578125
0 0.4189453125 0.232421875 0.015625 0.015625
0 0.400390625 0.15234375 0.017578125 0.017578125
0 0.443359375 0.1845703125 0.015625 0.025390625
0 0.4482421875 0.2216796875 0.017578125 0.017578125
