0 0.802734375 0.6337890625 0.015625 0.021484375
0 0.763671875 0.654296875 0.015625 0.021484375
0 0.7568359375 0.689453125 0.017578125 0.021484375
0 0.8203125 0.552734375 0.01171875 0.015625
0 0.7880859375 0.529296875 0.015625 0.021484375
0 0.7861328125 0.3955078125 0.01953125 0.021484375
0 0.837890625 0.4541015625 0.01953125 0.021484375
0 0.8349609375 0.474609375 0.021484375 0.02734375
0 0.81640625 0.501953125 0.015625 0.015625
0 0.810546875 0.4814453125 0.015625 0.017578125
0 0.7998046875 0.4677734375 0.021484375 0.021484375
0 0.8125 0.453125 0.021484375 0.017578125
0 0.810546875 0.435546875 0.015625 0.01953125
0 0.8251953125 0.41796875 0.015625 0.021484375
0 0.8359375 0.4013671875 0.01171875 0.009765625
0 0.833984375 0.388671875 0.01171875 0.01171875
0 0.8427734375 0.3740234375 0.025390625 0.015625
0 0.8515625 0.3876953125 0.01171875 0.01171875
0 0.5400390625 0.4033203125 0.01953125 0.01953125
0 0.552734375 0.4140625 0.01171875 0.015625
0 0.5400390625 0.380859375 0.013671875 0.01953125
0 0.5576171875 0.330078125 0.015625 0.02734375
0 0.548828125 0.361328125 0.009765625 0.015625
0 0.5400390625 0.427734375 0.01171875 0.015625
0 0.5263671875 0.4375 0.015625 0.01953125
0 0.5390625 0.4482421875 0.01171875 0.01953125
0 0.529296875 0.4560546875 0.013671875 0.01171875
0 0.5537109375 0.4990234375 0.009765625 0.013671875
0 0.5478515625 0.517578125 0.01171875 0.013671875
0 0.544921875 0.5390625 0.01171875 0.017578125
0 0.544921875 0.5927734375 0.01171875 0.015625
0 0.5439453125 0.578125 0.01171875 0.01171875
0 0.548828125 0.6142578125 0.01171875 0.013671875
0 0.5498046875 0.6318359375 0.015625 0.01953125
0 0.5830078125 0.2607421875 0.01171875 0.009765625
0 0.5234375 0.296875 0.01171875 0.01171875
0 0.552734375 0.28125 0.01171875 0.017578125
0 0.5810546875 0.2314453125 0.01171875 0.015625
0 0.5712890625 0.216796875 0.009765625 0.009765625
0 0.57421875 0.1982421875 0.013671875 0.01953125
0 0.443359375 0.298828125 0.015625 0.01171875
0 0.421875 0.296875 0.015625 0.01953125
0 0.4384765625 0.28515625 0.013671875 0.013671875
0 0.423828125 0.24609375 0.01171875 0.017578125
0 0.453125 0.2177734375 0.01171875 0.015625
0 0.443359375 0.201171875 0.015625 0.015625
0 0.498046875 0.244140625 0.013671875 0.01171875
0 0.5166015625 0.19921875 0.01953125 0.01953125
0 0.5390625 0.203125 0.015625 0.017578125
0 0.546875 0.1865234375 0.01171875 0.015625
0 0.501953125 0.224609375 0.009765625 0.0078125
0 0.501953125 0.2109375 0.009765625 0.01171875
0 0.4990234375 0.1923828125 0.013671875 0.01171875
0 0.4814453125 0.216796875 0.009765625 0.01171875
