1 0.3466796875 0.4423828125 0.0185546875 0.029296875
1 0.3564453125 0.54296875 0.0166015625 0.119140625
1 0.3837890625 0.498046875 0.033203125 0.0400390625
1 0.3896484375 0.552734375 0.03125 0.044921875
1 0.4326171875 0.4951171875 0.044921875 0.0546875
1 0.4365234375 0.5615234375 0.0380859375 0.05078125
1 0.4794921875 0.4921875 0.03515625 0.0390625
1 0.482421875 0.552734375 0.0361328125 0.056640625
1 0.521484375 0.482421875 0.0224609375 0.03125
1 0.525390625 0.53125 0.0107421875 0.025390625
1 0.435546875 0.41015625 0.0439453125 0.0546875
