1 0.3466796875 0.4404296875 0.0107421875 0.0263671875
1 0.35546875 0.53515625 0.01953125 0.1240234375
1 0.384765625 0.5029296875 0.0361328125 0.0390625
1 0.3876953125 0.5537109375 0.037109375 0.044921875
1 0.4326171875 0.4970703125 0.0419921875 0.060546875
1 0.4375 0.56640625 0.041015625 0.0546875
1 0.4794921875 0.4951171875 0.03515625 0.0419921875
1 0.4833984375 0.556640625 0.0380859375 0.0595703125
1 0.5224609375 0.4833984375 0.02734375 0.0322265625
1 0.5244140625 0.5302734375 0.0107421875 0.0234375
1 0.4375 0.4091796875 0.0400390625 0.0625
