1 0.6494140625 0.5283203125 0.015625 0.02734375
1 0.6435546875 0.4345703125 0.01953125 0.12890625
1 0.615234375 0.4736328125 0.0390625 0.046875
1 0.607421875 0.4189453125 0.03515625 0.0546875
1 0.564453125 0.478515625 0.046875 0.0546875
1 0.5625 0.4091796875 0.041015625 0.05078125
1 0.51953125 0.4814453125 0.03515625 0.044921875
1 0.515625 0.4208984375 0.03515625 0.05859375
1 0.4775390625 0.4931640625 0.025390625 0.046875
1 0.4716796875 0.4365234375 0.01171875 0.029296875
1 0.5634765625 0.5625 0.04296875 0.068359375
