0 0.5791015625 0.861328125 0.0361328125 0.025390625
0 0.5615234375 0.7939453125 0.03125 0.025390625
0 0.5595703125 0.71875 0.0341796875 0.0283203125
0 0.552734375 0.677734375 0.0341796875 0.0185546875
0 0.517578125 0.646484375 0.03125 0.025390625
0 0.5078125 0.673828125 0.0390625 0.025390625
0 0.5068359375 0.705078125 0.041015625 0.025390625
0 0.4970703125 0.736328125 0.0283203125 0.021484375
0 0.4248046875 0.6962890625 0.0439453125 0.0263671875
0 0.4365234375 0.6669921875 0.046875 0.025390625
0 0.3798828125 0.7958984375 0.046875 0.0263671875
0 0.4853515625 0.7978515625 0.03125 0.025390625
0 0.5322265625 0.787109375 0.0283203125 0.0205078125
0 0.5234375 0.84375 0.037109375 0.021484375
0 0.5244140625 0.900390625 0.0341796875 0.029296875
0 0.4658203125 0.892578125 0.0498046875 0.021484375
0 0.4775390625 0.861328125 0.03125 0.0185546875
0 0.482421875 0.830078125 0.0439453125 0.021484375
0 0.412109375 0.837890625 0.037109375 0.0234375
0 0.4072265625 0.8701171875 0.0341796875 0.021484375
0 0.38671875 0.8857421875 0.046875 0.021484375
0 0.390625 0.91015625 0.0361328125 0.0234375
0 0.26953125 0.888671875 0.033203125 0.0185546875
0 0.2841796875 0.845703125 0.0419921875 0.021484375
0 0.2939453125 0.8134765625 0.052734375 0.0283203125
0 0.2978515625 0.779296875 0.052734375 0.025390625
0 0.365234375 0.716796875 0.03125 0.015625
0 0.3623046875 0.7626953125 0.0419921875 0.025390625
0 0.4306640625 0.7685546875 0.041015625 0.0234375
0 0.365234375 0.7158203125 0.03125 0.021484375
0 0.306640625 0.7373046875 0.029296875 0.025390625
0 0.341796875 0.763671875 0.0283203125 0.0185546875
0 0.30859375 0.7001953125 0.0361328125 0.025390625
0 0.310546875 0.6669921875 0.0283203125 0.025390625
