1 0.4658203125 0.3486328125 0.02734375 0.01171875
1 0.5625 0.357421875 0.12890625 0.015625
1 0.5244140625 0.3857421875 0.048828125 0.0390625
1 0.58203125 0.3857421875 0.0546875 0.03125
1 0.5185546875 0.435546875 0.06640625 0.041015625
1 0.5849609375 0.4384765625 0.04296875 0.0390625
1 0.5224609375 0.4833984375 0.0390625 0.0390625
1 0.5771484375 0.4853515625 0.05078125 0.03515625
1 0.5068359375 0.525390625 0.033203125 0.0234375
1 0.5634765625 0.5244140625 0.04296875 0.01953125
1 0.4306640625 0.439453125 0.06640625 0.04296875
