1 0.37109375 0.6201171875 0.046875 0.05078125
1 0.46875 0.6201171875 0.09765625 0.046875
1 0.470703125 0.568359375 0.119140625 0.048828125
1 0.39453125 0.5322265625 0.04296875 0.01953125
1 0.4814453125 0.521484375 0.0703125 0.03125
1 0.4296875 0.515625 0.01171875 0.01953125
1 0.451171875 0.4990234375 0.13671875 0.017578125
1 0.4169921875 0.47265625 0.0625 0.02734375
1 0.4873046875 0.4736328125 0.046875 0.02734375
1 0.4912109375 0.4482421875 0.03515625 0.015625
1 0.423828125 0.419921875 0.109375 0.03515625
1 0.3466796875 0.474609375 0.015625 0.033203125
