1 0.3759765625 0.39453125 0.041015625 0.04296875
1 0.3818359375 0.4873046875 0.046875 0.1015625
1 0.435546875 0.4462890625 0.041015625 0.03515625
1 0.4326171875 0.5029296875 0.046875 0.072265625
1 0.4677734375 0.41796875 0.01953125 0.03515625
1 0.4833984375 0.4462890625 0.015625 0.013671875
1 0.4765625 0.4716796875 0.029296875 0.015625
1 0.4677734375 0.513671875 0.01953125 0.04296875
1 0.498046875 0.419921875 0.015625 0.03515625
1 0.501953125 0.4970703125 0.015625 0.0703125
1 0.5263671875 0.4345703125 0.0234375 0.0625
1 0.5283203125 0.505859375 0.02734375 0.05078125
1 0.552734375 0.5048828125 0.015625 0.05078125
1 0.5791015625 0.4560546875 0.037109375 0.134765625
1 0.5224609375 0.3525390625 0.03125 0.037109375
1 0.4775390625 0.3486328125 0.03515625 0.02734375
1 0.4404296875 0.3544921875 0.0234375 0.033203125
