1 0.6083984375 0.3720703125 0.0390625 0.0390625
1 0.5185546875 0.3828125 0.09765625 0.044921875
1 0.5546875 0.43359375 0.03125 0.041015625
1 0.501953125 0.4306640625 0.0546875 0.04296875
1 0.5537109375 0.484375 0.0078125 0.01953125
1 0.52734375 0.4775390625 0.01171875 0.029296875
1 0.4931640625 0.4677734375 0.041015625 0.01171875
1 0.50390625 0.50390625 0.07421875 0.015625
1 0.5673828125 0.5263671875 0.0625 0.0234375
1 0.49609375 0.5283203125 0.044921875 0.02734375
1 0.49609375 0.5537109375 0.046875 0.01171875
1 0.556640625 0.5791015625 0.119140625 0.033203125
1 0.580078125 0.4970703125 0.03515625 0.01953125
1 0.5869140625 0.4658203125 0.03515625 0.015625
1 0.6416015625 0.5224609375 0.01171875 0.033203125
1 0.662109375 0.482421875 0.01171875 0.03125
