0 0.5009765625 0.5 0.03515625 0.02734375
0 0.521484375 0.4609375 0.01953125 0.025390625
0 0.5380859375 0.443359375 0.021484375 0.03515625
0 0.564453125 0.462890625 0.025390625 0.02734375
0 0.5234375 0.3583984375 0.021484375 0.02734375
0 0.53125 0.3994140625 0.021484375 0.01953125
0 0.548828125 0.404296875 0.015625 0.01953125
0 0.451171875 0.453125 0.01953125 0.02734375
0 0.4716796875 0.529296875 0.01171875 0.033203125
0 0.458984375 0.5234375 0.017578125 0.02734375
0 0.4423828125 0.5224609375 0.01953125 0.021484375
0 0.4208984375 0.509765625 0.01953125 0.02734375
0 0.416015625 0.400390625 0.025390625 0.025390625
0 0.447265625 0.4228515625 0.01953125 0.0234375
0 0.50390625 0.2177734375 0.01953125 0.02734375
0 0.47265625 0.2294921875 0.015625 0.02734375
0 0.458984375 0.2421875 0.01953125 0.0234375
0 0.466796875 0.267578125 0.01953125 0.015625
0 0.48046875 0.267578125 0.017578125 0.01953125
0 0.4375 0.2177734375 0.01953125 0.0234375
0 0.42578125 0.2783203125 0.015625 0.01953125
0 0.421875 0.3447265625 0.01953125 0.03125
0 0.400390625 0.3408203125 0.025390625 0.025390625
0 0.3955078125 0.4638671875 0.021484375 0.03125
0 0.4326171875 0.4921875 0.021484375 0.01953125
0 0.4072265625 0.525390625 0.021484375 0.02734375
0 0.3837890625 0.54296875 0.015625 0.0234375
0 0.376953125 0.5634765625 0.021484375 0.025390625
0 0.390625 0.5869140625 0.021484375 0.025390625
0 0.4111328125 0.580078125 0.01953125 0.025390625
0 0.3779296875 0.58984375 0.01953125 0.025390625
0 0.3408203125 0.5029296875 0.025390625 0.0234375
0 0.3486328125 0.478515625 0.017578125 0.02734375
0 0.365234375 0.494140625 0.01171875 0.021484375
0 0.376953125 0.5029296875 0.01171875 0.0234375
0 0.4287109375 0.44140625 0.01953125 0.03515625
0 0.5595703125 0.232421875 0.01953125 0.029296875
0 0.466796875 0.150390625 0.015625 0.01953125
0 0.4404296875 0.1923828125 0.015625 0.0234375
0 0.4140625 0.2138671875 0.025390625 0.029296875
0 0.4013671875 0.216796875 0.01953125 0.025390625
0 0.298828125 0.5126953125 0.021484375 0.0234375
0 0.3037109375 0.546875 0.009765625 0.021484375
0 0.2978515625 0.572265625 0.017578125 0.02734375
0 0.3154296875 0.587890625 0.01953125 0.021484375
0 0.3408203125 0.544921875 0.013671875 0.02734375
0 0.345703125 0.521484375 0.01171875 0.025390625
0 0.353515625 0.5478515625 0.01171875 0.0234375
0 0.4912109375 0.4599609375 0.02734375 0.041015625
4 0.693359375 0.31640625 0.02734375 0.072265625
4 0.6875 0.6748046875 0.029296875 0.09375
