1 0.4296875 0.6259765625 0.046875 0.0390625
1 0.52734375 0.6171875 0.10546875 0.04296875
1 0.482421875 0.5673828125 0.03515625 0.044921875
1 0.546875 0.5693359375 0.0703125 0.05078125
1 0.453125 0.5341796875 0.044921875 0.013671875
1 0.486328125 0.5146484375 0.017578125 0.017578125
1 0.4609375 0.5029296875 0.033203125 0.01171875
1 0.51171875 0.5234375 0.015625 0.03515625
1 0.5537109375 0.53125 0.04296875 0.015625
1 0.5400390625 0.4970703125 0.080078125 0.015625
1 0.4765625 0.474609375 0.05859375 0.01953125
1 0.544921875 0.462890625 0.0546875 0.046875
1 0.4853515625 0.419921875 0.1171875 0.03515625
1 0.3828125 0.478515625 0.0625 0.029296875
1 0.376953125 0.5205078125 0.060546875 0.041015625
1 0.3828125 0.5595703125 0.052734375 0.029296875
