1 0.4462890625 0.345703125 0.03125 0.017578125
1 0.5458984375 0.3564453125 0.109375 0.017578125
1 0.5029296875 0.3857421875 0.046875 0.0390625
1 0.560546875 0.388671875 0.05078125 0.03515625
1 0.5009765625 0.43359375 0.060546875 0.04296875
1 0.56640625 0.435546875 0.0625 0.0390625
1 0.498046875 0.4775390625 0.04296875 0.037109375
1 0.5537109375 0.4814453125 0.056640625 0.03515625
1 0.482421875 0.5234375 0.046875 0.01953125
1 0.5341796875 0.529296875 0.03125 0.017578125
1 0.41015625 0.4365234375 0.0625 0.046875
