0 0.5693359375 0.6484375 0.021484375 0.01953125
0 0.5107421875 0.595703125 0.037109375 0.021484375
0 0.537109375 0.5390625 0.037109375 0.02734375
0 0.6455078125 0.55078125 0.02734375 0.015625
0 0.61328125 0.564453125 0.025390625 0.021484375
0 0.599609375 0.50390625 0.03515625 0.021484375
0 0.4208984375 0.4990234375 0.025390625 0.02734375
0 0.3505859375 0.556640625 0.021484375 0.02734375
0 0.3193359375 0.423828125 0.037109375 0.02734375
0 0.349609375 0.5029296875 0.02734375 0.02734375
0 0.54296875 0.6826171875 0.03125 0.0234375
0 0.509765625 0.7255859375 0.03515625 0.025390625
0 0.494140625 0.705078125 0.03125 0.025390625
0 0.40625 0.638671875 0.03125 0.017578125
0 0.603515625 0.6171875 0.037109375 0.017578125
0 0.681640625 0.515625 0.029296875 0.025390625
0 0.478515625 0.369140625 0.0234375 0.021484375
0 0.451171875 0.349609375 0.021484375 0.01953125
0 0.587890625 0.3828125 0.025390625 0.01953125
0 0.6298828125 0.390625 0.02734375 0.015625
0 0.66015625 0.3837890625 0.02734375 0.01171875
0 0.6630859375 0.3603515625 0.017578125 0.017578125
