1 0.375 0.5849609375 0.0390625 0.046875
1 0.3798828125 0.4921875 0.05078125 0.09765625
1 0.435546875 0.53125 0.0390625 0.02734375
1 0.4326171875 0.4716796875 0.046875 0.0703125
1 0.4658203125 0.5615234375 0.017578125 0.04296875
1 0.482421875 0.5283203125 0.01953125 0.015625
1 0.478515625 0.5 0.03125 0.01953125
1 0.4697265625 0.46484375 0.015625 0.044921875
1 0.4990234375 0.5576171875 0.017578125 0.0390625
1 0.5029296875 0.4755859375 0.013671875 0.0703125
1 0.525390625 0.544921875 0.0234375 0.0625
1 0.5380859375 0.4716796875 0.046875 0.05078125
1 0.578125 0.533203125 0.033203125 0.1171875
1 0.521484375 0.6337890625 0.03515625 0.05859375
1 0.48046875 0.6376953125 0.03515625 0.044921875
1 0.4365234375 0.6357421875 0.02734375 0.05078125
