0 0.060546875 0.603515625 0.025390625 0.021484375
0 0.087890625 0.5791015625 0.025390625 0.03125
0 0.10546875 0.556640625 0.015625 0.01953125
0 0.1533203125 0.52734375 0.03125 0.02734375
0 0.1767578125 0.51171875 0.0234375 0.03125
0 0.2001953125 0.50390625 0.021484375 0.025390625
0 0.216796875 0.4931640625 0.01171875 0.01953125
0 0.232421875 0.484375 0.025390625 0.021484375
0 0.310546875 0.435546875 0.021484375 0.02734375
0 0.365234375 0.384765625 0.037109375 0.029296875
0 0.4462890625 0.314453125 0.025390625 0.025390625
0 0.193359375 0.62109375 0.013671875 0.025390625
0 0.1474609375 0.6396484375 0.02734375 0.0234375
0 0.0859375 0.7197265625 0.01953125 0.021484375
0 0.1025390625 0.734375 0.021484375 0.03515625
0 0.166015625 0.6806640625 0.021484375 0.03125
0 0.408203125 0.458984375 0.02734375 0.025390625
0 0.3740234375 0.48828125 0.025390625 0.03125
0 0.330078125 0.5322265625 0.025390625 0.02734375
0 0.427734375 0.4423828125 0.025390625 0.015625
0 0.447265625 0.4189453125 0.02734375 0.025390625
0 0.4755859375 0.400390625 0.025390625 0.01953125
