1 0.34765625 0.5302734375 0.01171875 0.0234375
1 0.3544921875 0.4326171875 0.01953125 0.125
1 0.38671875 0.46875 0.03515625 0.0390625
1 0.3876953125 0.41796875 0.03125 0.03125
1 0.4365234375 0.4765625 0.04296875 0.060546875
1 0.4384765625 0.412109375 0.0390625 0.04296875
1 0.48046875 0.4833984375 0.03515625 0.046875
1 0.484375 0.4189453125 0.03515625 0.05859375
1 0.5263671875 0.4951171875 0.015625 0.041015625
1 0.529296875 0.4384765625 0.01953125 0.029296875
1 0.4375 0.572265625 0.044921875 0.06640625
