0 0.470703125 0.208984375 0.07421875 0.0703125
0 0.419921875 0.2353515625 0.046875 0.044921875
0 0.4091796875 0.0673828125 0.044921875 0.037109375
0 0.451171875 0.0498046875 0.046875 0.04296875
0 0.3671875 0.046875 0.05078125 0.037109375
0 0.3740234375 0.0986328125 0.04296875 0.044921875
0 0.4501953125 0.087890625 0.05078125 0.041015625
0 0.5087890625 0.2548828125 0.041015625 0.03515625
0 0.3798828125 0.2373046875 0.03515625 0.037109375
0 0.3115234375 0.2099609375 0.046875 0.041015625
0 0.4091796875 0.33203125 0.056640625 0.044921875
0 0.4453125 0.3525390625 0.05078125 0.037109375
0 0.455078125 0.5048828125 0.06640625 0.056640625
0 0.455078125 0.4521484375 0.05078125 0.03515625
0 0.564453125 0.568359375 0.056640625 0.05078125
0 0.501953125 0.591796875 0.05859375 0.044921875
0 0.4384765625 0.587890625 0.064453125 0.046875
0 0.3857421875 0.6171875 0.072265625 0.044921875
0 0.376953125 0.6875 0.072265625 0.05078125
0 0.4951171875 0.7060546875 0.05859375 0.048828125
0 0.4619140625 0.6376953125 0.0625 0.05078125
0 0.5546875 0.666015625 0.06640625 0.046875
0 0.564453125 0.376953125 0.04296875 0.041015625
0 0.501953125 0.419921875 0.05859375 0.046875
0 0.5498046875 0.4423828125 0.05078125 0.041015625
0 0.556640625 0.4873046875 0.048828125 0.04296875
0 0.544921875 0.787109375 0.064453125 0.046875
0 0.3876953125 0.8046875 0.078125 0.056640625
