0 0.333984375 0.6123046875 0.037109375 0.046875
0 0.3828125 0.5849609375 0.05078125 0.044921875
0 0.47265625 0.517578125 0.021484375 0.02734375
0 0.3994140625 0.5458984375 0.029296875 0.02734375
0 0.298828125 0.5224609375 0.021484375 0.03515625
0 0.3095703125 0.357421875 0.0234375 0.0234375
0 0.330078125 0.35546875 0.03125 0.02734375
0 0.212890625 0.529296875 0.037109375 0.052734375
0 0.2373046875 0.4990234375 0.021484375 0.0390625
0 0.2236328125 0.453125 0.03515625 0.03125
0 0.162109375 0.462890625 0.029296875 0.03515625
0 0.2080078125 0.3251953125 0.029296875 0.01953125
0 0.2099609375 0.302734375 0.025390625 0.03125
0 0.083984375 0.4619140625 0.03515625 0.03515625
0 0.17578125 0.384765625 0.02734375 0.02734375
0 0.1708984375 0.4326171875 0.029296875 0.025390625
0 0.125 0.5810546875 0.025390625 0.037109375
0 0.091796875 0.5712890625 0.0234375 0.01953125
0 0.138671875 0.544921875 0.029296875 0.02734375
0 0.068359375 0.623046875 0.037109375 0.03515625
0 0.025390625 0.6357421875 0.03125 0.03125
0 0.2138671875 0.6787109375 0.033203125 0.037109375
0 0.2998046875 0.666015625 0.037109375 0.044921875
0 0.4443359375 0.630859375 0.04296875 0.03515625
0 0.146484375 0.4228515625 0.04296875 0.041015625
