1 0.3974609375 0.375 0.046875 0.0390625
1 0.48828125 0.3798828125 0.1015625 0.05078125
1 0.4501953125 0.43359375 0.03515625 0.041015625
1 0.5068359375 0.4306640625 0.0703125 0.048828125
1 0.41796875 0.4658203125 0.03515625 0.017578125
1 0.451171875 0.4833984375 0.015625 0.01953125
1 0.4775390625 0.4775390625 0.01953125 0.029296875
1 0.517578125 0.4697265625 0.037109375 0.015625
1 0.4228515625 0.4990234375 0.0390625 0.015625
1 0.5009765625 0.50390625 0.072265625 0.015625
1 0.439453125 0.5263671875 0.064453125 0.025390625
1 0.5087890625 0.529296875 0.05078125 0.0234375
1 0.509765625 0.55078125 0.0546875 0.017578125
1 0.447265625 0.580078125 0.11328125 0.037109375
1 0.3486328125 0.5244140625 0.0546875 0.033203125
1 0.3564453125 0.48046875 0.03515625 0.04296875
1 0.3515625 0.4404296875 0.044921875 0.0234375
