0 0.814453125 0.3681640625 0.025390625 0.02734375
0 0.669921875 0.181640625 0.03515625 0.03515625
0 0.609375 0.1875 0.025390625 0.03515625
0 0.548828125 0.4365234375 0.02734375 0.037109375
0 0.626953125 0.478515625 0.033203125 0.03515625
0 0.708984375 0.4619140625 0.03515625 0.04296875
0 0.701171875 0.5400390625 0.02734375 0.04296875
0 0.623046875 0.541015625 0.03515625 0.046875
0 0.556640625 0.55078125 0.03125 0.0390625
0 0.59375 0.556640625 0.033203125 0.041015625
0 0.5810546875 0.6103515625 0.041015625 0.037109375
0 0.490234375 0.455078125 0.037109375 0.037109375
0 0.4599609375 0.4462890625 0.02734375 0.033203125
0 0.6416015625 0.771484375 0.03515625 0.03515625
