1 0.626953125 0.3935546875 0.041015625 0.037109375
1 0.6181640625 0.4833984375 0.04296875 0.10546875
1 0.5654296875 0.4453125 0.0390625 0.02734375
1 0.5693359375 0.5009765625 0.046875 0.0703125
1 0.5166015625 0.4462890625 0.013671875 0.01953125
1 0.5244140625 0.474609375 0.03515625 0.01953125
1 0.5302734375 0.5107421875 0.015625 0.046875
1 0.5322265625 0.4189453125 0.015625 0.0390625
1 0.501953125 0.419921875 0.01953125 0.046875
1 0.498046875 0.4990234375 0.015625 0.068359375
1 0.4716796875 0.431640625 0.02734375 0.05859375
1 0.47265625 0.5048828125 0.02734375 0.044921875
1 0.44921875 0.50390625 0.01953125 0.0546875
1 0.419921875 0.4453125 0.03515625 0.1171875
1 0.560546875 0.3427734375 0.021484375 0.029296875
1 0.5224609375 0.3486328125 0.03125 0.02734375
1 0.4755859375 0.3544921875 0.03125 0.0390625
