0 0.71875 0.509765625 0.015625 0.01953125
0 0.6875 0.47265625 0.015625 0.015625
0 0.6748046875 0.4912109375 0.01953125 0.01953125
0 0.6455078125 0.45703125 0.015625 0.025390625
0 0.607421875 0.4775390625 0.01953125 0.01953125
0 0.6025390625 0.451171875 0.013671875 0.01953125
0 0.568359375 0.4462890625 0.013671875 0.01953125
0 0.5830078125 0.42578125 0.015625 0.013671875
0 0.6123046875 0.423828125 0.01953125 0.01953125
0 0.673828125 0.455078125 0.01953125 0.021484375
0 0.7509765625 0.541015625 0.021484375 0.01953125
0 0.7021484375 0.669921875 0.021484375 0.01953125
