0 0.5625 0.4697265625 0.041015625 0.0361328125
0 0.7861328125 0.513671875 0.0341796875 0.0341796875
0 0.8076171875 0.5478515625 0.0341796875 0.03125
0 0.880859375 0.5751953125 0.0263671875 0.0234375
0 0.759765625 0.66796875 0.0283203125 0.0341796875
0 0.6044921875 0.5576171875 0.0390625 0.0390625
0 0.419921875 0.5947265625 0.0361328125 0.03125
0 0.58984375 0.599609375 0.0390625 0.033203125
0 0.576171875 0.6357421875 0.0263671875 0.033203125
0 0.603515625 0.646484375 0.0283203125 0.029296875
0 0.5517578125 0.537109375 0.0361328125 0.0390625
0 0.564453125 0.6953125 0.0439453125 0.033203125
