1 0.4638671875 0.345703125 0.025390625 0.015625
1 0.5595703125 0.3583984375 0.119140625 0.01953125
1 0.513671875 0.38671875 0.05078125 0.037109375
1 0.572265625 0.3876953125 0.052734375 0.03125
1 0.515625 0.435546875 0.0625 0.04296875
1 0.5830078125 0.4384765625 0.05859375 0.037109375
1 0.517578125 0.4794921875 0.05078125 0.0390625
1 0.5732421875 0.482421875 0.05859375 0.03515625
1 0.5009765625 0.525390625 0.0390625 0.0234375
1 0.55078125 0.529296875 0.03515625 0.01171875
1 0.4228515625 0.4384765625 0.068359375 0.046875
