1 0.3984375 0.625 0.044921875 0.041015625
1 0.4892578125 0.6201171875 0.1015625 0.046875
1 0.4482421875 0.5654296875 0.037109375 0.037109375
1 0.5029296875 0.568359375 0.07421875 0.046875
1 0.41796875 0.5341796875 0.048828125 0.015625
1 0.4521484375 0.5146484375 0.01953125 0.015625
1 0.4755859375 0.5224609375 0.0234375 0.029296875
1 0.517578125 0.5302734375 0.04296875 0.013671875
1 0.4208984375 0.5009765625 0.05078125 0.017578125
1 0.5 0.4970703125 0.06640625 0.015625
1 0.4345703125 0.4736328125 0.0703125 0.021484375
1 0.51171875 0.4609375 0.044921875 0.046875
1 0.453125 0.4189453125 0.1171875 0.03125
1 0.349609375 0.478515625 0.046875 0.03515625
1 0.34375 0.521484375 0.02734375 0.0390625
1 0.3486328125 0.5615234375 0.05078125 0.01953125
