1 0.6044921875 0.626953125 0.044921875 0.0390625
1 0.5078125 0.62109375 0.099609375 0.046875
1 0.5498046875 0.5654296875 0.03515625 0.0390625
1 0.4921875 0.5693359375 0.072265625 0.04296875
1 0.544921875 0.5185546875 0.015625 0.01953125
1 0.521484375 0.525390625 0.015625 0.03515625
1 0.48046875 0.53125 0.0390625 0.015625
1 0.5791015625 0.5322265625 0.0390625 0.015625
1 0.572265625 0.501953125 0.0390625 0.015625
1 0.49609375 0.4951171875 0.076171875 0.015625
1 0.5615234375 0.4736328125 0.0625 0.01953125
1 0.4912109375 0.47265625 0.046875 0.02734375
1 0.4892578125 0.4462890625 0.041015625 0.017578125
1 0.5517578125 0.4189453125 0.11328125 0.02734375
1 0.642578125 0.474609375 0.03125 0.02734375
1 0.65625 0.5185546875 0.015625 0.03515625
1 0.650390625 0.5595703125 0.0390625 0.0234375
