1 0.37890625 0.474609375 0.0517578125 0.1708984375
1 0.431640625 0.5078125 0.044921875 0.107421875
1 0.466796875 0.4345703125 0.0126953125 0.0439453125
1 0.484375 0.46875 0.0185546875 0.0126953125
1 0.4775390625 0.4921875 0.0322265625 0.0166015625
1 0.4697265625 0.5322265625 0.017578125 0.0380859375
1 0.4990234375 0.44140625 0.0146484375 0.0400390625
1 0.50390625 0.5185546875 0.0166015625 0.072265625
1 0.5263671875 0.453125 0.021484375 0.0615234375
1 0.5390625 0.525390625 0.0478515625 0.0595703125
1 0.58203125 0.4658203125 0.033203125 0.12109375
1 0.5234375 0.361328125 0.03125 0.052734375
1 0.48046875 0.361328125 0.0380859375 0.052734375
1 0.44140625 0.361328125 0.0283203125 0.056640625
