1 0.5888671875 0.3740234375 0.05078125 0.04296875
1 0.49609375 0.3798828125 0.1015625 0.046875
1 0.5380859375 0.435546875 0.041015625 0.03515625
1 0.478515625 0.4326171875 0.0625 0.04296875
1 0.5703125 0.46484375 0.046875 0.017578125
1 0.5322265625 0.4853515625 0.015625 0.013671875
1 0.509765625 0.4833984375 0.0234375 0.0390625
1 0.4677734375 0.46875 0.03515625 0.015625
1 0.47265625 0.5283203125 0.0390625 0.06640625
1 0.5595703125 0.498046875 0.04296875 0.01171875
1 0.5478515625 0.525390625 0.0625 0.0234375
1 0.5361328125 0.580078125 0.11328125 0.03125
1 0.634765625 0.5234375 0.056640625 0.03125
1 0.6328125 0.4833984375 0.044921875 0.0390625
1 0.638671875 0.4384765625 0.0625 0.025390625
1 0.662109375 0.396484375 0.015625 0.01953125
