0 0.861328125 0.4208984375 0.025390625 0.0361328125
0 0.7939453125 0.4384765625 0.025390625 0.03125
0 0.71875 0.4404296875 0.0283203125 0.0341796875
0 0.677734375 0.447265625 0.0185546875 0.0341796875
0 0.646484375 0.482421875 0.025390625 0.03125
0 0.673828125 0.4921875 0.025390625 0.0390625
0 0.705078125 0.4931640625 0.025390625 0.041015625
0 0.736328125 0.5029296875 0.021484375 0.0283203125
0 0.6962890625 0.5751953125 0.0263671875 0.0439453125
0 0.6669921875 0.5634765625 0.025390625 0.046875
0 0.7958984375 0.6201171875 0.0263671875 0.046875
0 0.7978515625 0.5146484375 0.025390625 0.03125
0 0.787109375 0.4677734375 0.0205078125 0.0283203125
0 0.84375 0.4765625 0.021484375 0.037109375
0 0.900390625 0.4755859375 0.029296875 0.0341796875
0 0.892578125 0.5341796875 0.021484375 0.0498046875
0 0.861328125 0.5224609375 0.0185546875 0.03125
0 0.830078125 0.517578125 0.021484375 0.0439453125
0 0.837890625 0.587890625 0.0234375 0.037109375
0 0.8701171875 0.5927734375 0.021484375 0.0341796875
0 0.8857421875 0.61328125 0.021484375 0.046875
0 0.91015625 0.609375 0.0234375 0.0361328125
0 0.888671875 0.73046875 0.0185546875 0.033203125
0 0.845703125 0.7158203125 0.021484375 0.0419921875
0 0.8134765625 0.7060546875 0.0283203125 0.052734375
0 0.779296875 0.7021484375 0.025390625 0.052734375
0 0.716796875 0.634765625 0.015625 0.03125
0 0.7626953125 0.6376953125 0.025390625 0.0419921875
0 0.7685546875 0.5693359375 0.0234375 0.041015625
0 0.7158203125 0.634765625 0.021484375 0.03125
0 0.7373046875 0.693359375 0.025390625 0.029296875
0 0.763671875 0.658203125 0.0185546875 0.0283203125
0 0.7001953125 0.69140625 0.025390625 0.0361328125
0 0.6669921875 0.689453125 0.025390625 0.0283203125
