1 0.375 0.419921875 0.0380859375 0.0517578125
1 0.37890625 0.5146484375 0.048828125 0.0986328125
1 0.435546875 0.4736328125 0.041015625 0.029296875
1 0.431640625 0.5322265625 0.0478515625 0.0712890625
1 0.4658203125 0.443359375 0.0166015625 0.041015625
1 0.484375 0.4736328125 0.025390625 0.017578125
1 0.498046875 0.443359375 0.015625 0.03125
1 0.4775390625 0.5 0.0341796875 0.017578125
1 0.4677734375 0.5400390625 0.017578125 0.0390625
1 0.5029296875 0.5224609375 0.0166015625 0.076171875
1 0.5263671875 0.458984375 0.021484375 0.0625
1 0.5390625 0.53125 0.0458984375 0.0595703125
1 0.5791015625 0.470703125 0.033203125 0.1181640625
1 0.5224609375 0.369140625 0.033203125 0.05859375
1 0.48046875 0.3671875 0.03515625 0.056640625
1 0.439453125 0.3671875 0.0322265625 0.048828125
