1 0.345703125 0.5576171875 0.01171875 0.02734375
1 0.3564453125 0.4609375 0.015625 0.1171875
1 0.3837890625 0.5009765625 0.037109375 0.044921875
1 0.388671875 0.4453125 0.03515625 0.044921875
1 0.4345703125 0.505859375 0.041015625 0.0546875
1 0.4365234375 0.4404296875 0.0390625 0.048828125
1 0.478515625 0.5068359375 0.037109375 0.03125
1 0.482421875 0.451171875 0.03515625 0.05859375
1 0.5205078125 0.5205078125 0.01953125 0.03125
1 0.529296875 0.4736328125 0.01171875 0.029296875
1 0.4375 0.5859375 0.0390625 0.05078125
