4 0.281862744140625 0.62018881640625 0.333333333984375 0.649237470703125 0.343137255859375 0.6477850390625 0.336601306640625 0.61292665234375 0.321078431640625 0.5896877265625 0.214052287109375 0.519970951171875 0.2042483671875 0.535947712890625 0.214052287109375 0.569353666015625 0.234477123046875 0.58823529296875 0.281862744140625 0.62018881640625
4 0.52205882421875 0.424110384765625 0.523692810546875 0.65068990625 0.584150326171875 0.7015250546875 0.59803921484375 0.498184458984375 0.4542483671875 0.357298474609375 0.45751633984375 0.540305009765625 0.50245098046875 0.6042120546875 0.511437908203125 0.424110384765625 0.52205882421875 0.424110384765625
4 0.760620916015625 0.37037037109375 0.68564270703125 0.43845094140625 0.690359478515625 0.6187363828125 0.74264705859375 0.5708061015625 0.760620916015625 0.37037037109375
4 0.68480044140625 0.43921572265625 0.608660130859375 0.50835148828125 0.609477123046875 0.69571532421875 0.668300654296875 0.636165578125 0.68480044140625 0.43921572265625
4 0.60122589453125 0.358731689453125 0.60294117578125 0.357298474609375 0.614379083984375 0.525780681640625 0.663398693359375 0.46768337109375 0.6748366015625 0.291938998046875 0.601307189453125 0.357298474609375 0.60122589453125 0.358731689453125
4 0.525326796875 0.586782861328125 0.591503267578125 0.53013798046875 0.60122589453125 0.358731689453125 0.521241830078125 0.42556281640625 0.525326796875 0.586782861328125
4 0.688725490234375 0.451706607421875 0.733660130859375 0.50108932421875 0.75326797265625 0.36310820703125 0.686274509765625 0.300653595703125 0.678921568359375 0.4197530859375 0.686274509765625 0.4342774140625 0.688725490234375 0.451706607421875
4 0.674019607421875 0.283224400390625 0.60212418359375 0.220769791015625 0.60294117578125 0.355846041015625 0.660947712890625 0.422657953125 0.674019607421875 0.283224400390625
4 0.53513071875 0.2788671015625 0.53267973828125 0.438634712890625 0.588235294921875 0.397966595703125 0.593954248046875 0.226579521484375 0.53513071875 0.2788671015625
4 0.516339869140625 0.283224400390625 0.4501633984375 0.33986928125 0.456699345703125 0.498184458984375 0.5147058828125 0.445896876953125 0.516339869140625 0.283224400390625
