0 0.197265625 0.3662109375 0.015625 0.021484375
0 0.236328125 0.345703125 0.015625 0.021484375
0 0.2431640625 0.310546875 0.017578125 0.021484375
0 0.1796875 0.447265625 0.0126953125 0.015625
0 0.2119140625 0.470703125 0.015625 0.021484375
0 0.2138671875 0.6044921875 0.0185546875 0.021484375
0 0.162109375 0.5458984375 0.0185546875 0.021484375
0 0.1650390625 0.525390625 0.021484375 0.0263671875
0 0.18359375 0.498046875 0.015625 0.015625
0 0.189453125 0.5185546875 0.015625 0.017578125
0 0.2001953125 0.5322265625 0.021484375 0.021484375
0 0.1875 0.546875 0.021484375 0.017578125
0 0.189453125 0.564453125 0.015625 0.0185546875
0 0.1748046875 0.58203125 0.015625 0.021484375
0 0.1640625 0.5986328125 0.0126953125 0.009765625
0 0.166015625 0.611328125 0.0126953125 0.0126953125
0 0.1572265625 0.6259765625 0.025390625 0.015625
0 0.1484375 0.6123046875 0.0126953125 0.0126953125
0 0.4599609375 0.5966796875 0.0185546875 0.0185546875
0 0.447265625 0.5859375 0.0126953125 0.015625
0 0.4599609375 0.619140625 0.013671875 0.0185546875
0 0.4423828125 0.669921875 0.015625 0.0283203125
0 0.451171875 0.638671875 0.009765625 0.015625
0 0.4599609375 0.572265625 0.0107421875 0.015625
0 0.4736328125 0.5625 0.015625 0.0185546875
0 0.4609375 0.5517578125 0.0126953125 0.0185546875
0 0.470703125 0.5439453125 0.013671875 0.0126953125
0 0.4462890625 0.5009765625 0.009765625 0.013671875
0 0.4521484375 0.482421875 0.0126953125 0.013671875
0 0.455078125 0.4609375 0.0107421875 0.017578125
0 0.455078125 0.4072265625 0.0126953125 0.015625
0 0.4560546875 0.421875 0.0107421875 0.0107421875
0 0.451171875 0.3857421875 0.0126953125 0.013671875
0 0.4501953125 0.3681640625 0.015625 0.0185546875
0 0.4169921875 0.7392578125 0.0126953125 0.009765625
0 0.4765625 0.703125 0.0126953125 0.0126953125
0 0.447265625 0.71875 0.0126953125 0.017578125
0 0.4189453125 0.7685546875 0.0126953125 0.015625
0 0.4287109375 0.783203125 0.009765625 0.009765625
0 0.42578125 0.8017578125 0.013671875 0.0185546875
0 0.556640625 0.701171875 0.015625 0.0126953125
0 0.578125 0.703125 0.015625 0.0185546875
0 0.5615234375 0.71484375 0.013671875 0.013671875
0 0.576171875 0.75390625 0.0126953125 0.017578125
0 0.546875 0.7822265625 0.0126953125 0.015625
0 0.556640625 0.798828125 0.015625 0.015625
0 0.501953125 0.755859375 0.013671875 0.0107421875
0 0.4833984375 0.80078125 0.0205078125 0.0185546875
0 0.4609375 0.796875 0.015625 0.017578125
0 0.453125 0.8134765625 0.0126953125 0.015625
0 0.498046875 0.775390625 0.009765625 0.0078125
0 0.498046875 0.7890625 0.009765625 0.0126953125
0 0.5009765625 0.8076171875 0.0126953125 0.0126953125
0 0.5185546875 0.783203125 0.009765625 0.0126953125
