4 0.60512744921875 0.671818181640625 0.55650508203125 0.669090908203125 0.555031677734375 0.68636363671875 0.504935908203125 0.684545455078125 0.504935908203125 0.775454544921875 0.602180640625 0.784545455078125 0.60512744921875 0.671818181640625
4 0.597760423828125 0.61 0.5903933984375 0.579090908203125 0.618388095703125 0.530909091796875 0.524090171875 0.52636363671875 0.513776337890625 0.63636363671875 0.62428171484375 0.6472727265625 0.597760423828125 0.61
4 0.50198909765625 0.855454544921875 0.412111388671875 0.844545455078125 0.37674966796875 0.8672727265625 0.45484013671875 0.885454544921875 0.50198909765625 0.855454544921875
4 0.587446587890625 0.8127272734375 0.522616767578125 0.80636363671875 0.46810078125 0.82 0.5535582734375 0.834545455078125 0.587446587890625 0.8127272734375
4 0.3060262265625 0.595454544921875 0.332547517578125 0.645454544921875 0.3443347578125 0.6572727265625 0.3266538984375 0.67636363671875 0.364962427734375 0.678181818359375 0.394430529296875 0.654545455078125 0.372329453125 0.625454544921875 0.36790923828125 0.5927272734375 0.39590393359375 0.5472727265625 0.432739060546875 0.521818181640625 0.331074111328125 0.52 0.32812730078125 0.554545455078125 0.3060262265625 0.595454544921875
4 0.82466480078125 0.371818181640625 0.759834978515625 0.39636363671875 0.68174451171875 0.4172727265625 0.849712685546875 0.415454544921875 0.862973330078125 0.394545455078125 0.82466480078125 0.371818181640625
4 0.740680712890625 0.331818181640625 0.721526447265625 0.280909091796875 0.65227641015625 0.288181818359375 0.6493296015625 0.3327272734375 0.740680712890625 0.331818181640625
4 0.827611611328125 0.275454544921875 0.7333136875 0.288181818359375 0.83203182421875 0.325454544921875 0.827611611328125 0.275454544921875
4 0.593340208984375 0.264545455078125 0.8187711796875 0.2572727265625 0.82319139453125 0.2427272734375 0.593340208984375 0.25363636328125 0.593340208984375 0.264545455078125
4 0.641962576171875 0.205454544921875 0.646382791015625 0.219090908203125 0.60365404296875 0.228181818359375 0.69500515625 0.225454544921875 0.674377486328125 0.2 0.641962576171875 0.205454544921875
4 0.588919994140625 0.330909091796875 0.640489169921875 0.328181818359375 0.641962576171875 0.288181818359375 0.584499779296875 0.290909091796875 0.588919994140625 0.330909091796875
