1 0.3486328125 0.4462890625 0.015625 0.021484375
1 0.35546875 0.537109375 0.01953125 0.12890625
1 0.38671875 0.5 0.03515625 0.04296875
1 0.388671875 0.552734375 0.03515625 0.04296875
1 0.4326171875 0.4951171875 0.041015625 0.0546875
1 0.4365234375 0.5546875 0.0390625 0.044921875
1 0.48046875 0.494140625 0.03515625 0.04296875
1 0.4814453125 0.5478515625 0.03515625 0.056640625
1 0.51953125 0.48046875 0.0234375 0.03125
1 0.5263671875 0.5361328125 0.0234375 0.02734375
1 0.435546875 0.4111328125 0.041015625 0.046875
