1 0.6201171875 0.5185546875 0.052734375 0.173828125
1 0.5634765625 0.5244140625 0.0390625 0.033203125
1 0.568359375 0.466796875 0.044921875 0.07421875
1 0.533203125 0.5546875 0.015625 0.05078125
1 0.515625 0.5244140625 0.01953125 0.015625
1 0.5244140625 0.4990234375 0.03515625 0.01953125
1 0.533203125 0.4580078125 0.015625 0.0390625
1 0.498046875 0.4736328125 0.015625 0.0703125
1 0.5009765625 0.552734375 0.015625 0.04296875
1 0.474609375 0.5390625 0.0234375 0.06640625
1 0.4619140625 0.46875 0.048828125 0.05859375
1 0.41796875 0.52734375 0.03515625 0.125
1 0.4755859375 0.6318359375 0.033203125 0.05859375
1 0.51953125 0.6328125 0.0390625 0.046875
1 0.5595703125 0.6298828125 0.0234375 0.048828125
