0 0.4228515625 0.4033203125 0.0205078125 0.017578125
0 0.521484375 0.361328125 0.0234375 0.0185546875
0 0.4462890625 0.4677734375 0.0234375 0.0234375
0 0.39453125 0.478515625 0.021484375 0.015625
0 0.3486328125 0.5439453125 0.0283203125 0.0234375
0 0.29296875 0.537109375 0.025390625 0.017578125
0 0.2587890625 0.5654296875 0.0205078125 0.0205078125
0 0.466796875 0.521484375 0.017578125 0.0185546875
0 0.5654296875 0.5126953125 0.0234375 0.013671875
0 0.5888671875 0.505859375 0.0234375 0.0185546875
0 0.5966796875 0.5302734375 0.0205078125 0.0205078125
0 0.568359375 0.53125 0.029296875 0.015625
0 0.669921875 0.578125 0.0205078125 0.0185546875
0 0.6767578125 0.595703125 0.0205078125 0.0205078125
0 0.673828125 0.626953125 0.0234375 0.015625
0 0.59765625 0.603515625 0.025390625 0.021484375
0 0.6259765625 0.61328125 0.0234375 0.0205078125
0 0.576171875 0.6318359375 0.0205078125 0.015625
0 0.59375 0.626953125 0.021484375 0.0185546875
0 0.5546875 0.6416015625 0.0205078125 0.0126953125
0 0.5810546875 0.662109375 0.0205078125 0.017578125
0 0.576171875 0.6923828125 0.0205078125 0.021484375
0 0.626953125 0.4248046875 0.0185546875 0.017578125
0 0.6337890625 0.41015625 0.015625 0.013671875
0 0.619140625 0.392578125 0.0263671875 0.021484375
0 0.556640625 0.376953125 0.0234375 0.0185546875
0 0.5439453125 0.443359375 0.0205078125 0.017578125
0 0.568359375 0.4560546875 0.029296875 0.0205078125
0 0.646484375 0.5068359375 0.017578125 0.017578125
0 0.650390625 0.533203125 0.0205078125 0.0205078125
0 0.673828125 0.4794921875 0.0234375 0.0126953125
0 0.6435546875 0.474609375 0.0205078125 0.0126953125
0 0.6162109375 0.474609375 0.0185546875 0.015625
0 0.6279296875 0.4404296875 0.017578125 0.0126953125
0 0.6513671875 0.6923828125 0.0234375 0.015625
0 0.662109375 0.7099609375 0.0205078125 0.015625
0 0.7060546875 0.712890625 0.025390625 0.013671875
0 0.7373046875 0.697265625 0.021484375 0.015625
