0 0.375 0.72265625 0.03515625 0.037109375
0 0.412109375 0.5546875 0.02734375 0.03515625
0 0.4130859375 0.4736328125 0.04296875 0.03515625
0 0.49609375 0.4775390625 0.056640625 0.04296875
0 0.576171875 0.4267578125 0.041015625 0.0390625
0 0.46875 0.361328125 0.041015625 0.0390625
0 0.400390625 0.3623046875 0.041015625 0.03515625
0 0.384765625 0.41796875 0.037109375 0.0390625
0 0.3271484375 0.4150390625 0.037109375 0.0234375
0 0.2763671875 0.373046875 0.03125 0.03515625
0 0.224609375 0.4404296875 0.029296875 0.02734375
0 0.2314453125 0.384765625 0.03125 0.0234375
0 0.232421875 0.345703125 0.03515625 0.02734375
0 0.236328125 0.3115234375 0.03125 0.025390625
0 0.1875 0.3935546875 0.02734375 0.03515625
0 0.158203125 0.3134765625 0.029296875 0.02734375
0 0.228515625 0.2333984375 0.03515625 0.03515625
0 0.197265625 0.2255859375 0.025390625 0.03515625
0 0.365234375 0.306640625 0.029296875 0.03515625
0 0.341796875 0.35546875 0.02734375 0.02734375
0 0.3388671875 0.263671875 0.02734375 0.029296875
0 0.3974609375 0.26953125 0.029296875 0.025390625
0 0.443359375 0.240234375 0.025390625 0.025390625
0 0.4208984375 0.224609375 0.041015625 0.03515625
0 0.4951171875 0.2138671875 0.033203125 0.03125
0 0.388671875 0.1162109375 0.041015625 0.03125
0 0.583984375 0.357421875 0.02734375 0.033203125
0 0.2724609375 0.232421875 0.03125 0.02734375
0 0.2001953125 0.517578125 0.02734375 0.03515625
0 0.173828125 0.501953125 0.02734375 0.02734375
0 0.166015625 0.5361328125 0.03515625 0.029296875
0 0.7021484375 0.634765625 0.04296875 0.03125
0 0.662109375 0.8974609375 0.03125 0.025390625
0 0.251953125 0.9169921875 0.03515625 0.025390625
0 0.193359375 0.837890625 0.03515625 0.03125
0 0.119140625 0.87109375 0.037109375 0.037109375
0 0.814453125 0.650390625 0.04296875 0.037109375
