0 0.7138671875 0.8564453125 0.029296875 0.046875
0 0.673828125 0.826171875 0.021484375 0.0390625
0 0.716796875 0.759765625 0.0234375 0.021484375
0 0.6923828125 0.6513671875 0.01953125 0.0234375
0 0.654296875 0.6884765625 0.013671875 0.02734375
0 0.6875 0.771484375 0.015625 0.021484375
0 0.6728515625 0.751953125 0.017578125 0.025390625
0 0.623046875 0.8828125 0.013671875 0.017578125
0 0.6123046875 0.9072265625 0.01171875 0.017578125
0 0.5947265625 0.880859375 0.01171875 0.01953125
0 0.5859375 0.90625 0.01171875 0.021484375
0 0.5595703125 0.87890625 0.01171875 0.01953125
0 0.541015625 0.8642578125 0.015625 0.01953125
0 0.5439453125 0.884765625 0.01171875 0.015625
0 0.5048828125 0.791015625 0.01953125 0.025390625
0 0.4951171875 0.8046875 0.01953125 0.025390625
0 0.6064453125 0.6806640625 0.015625 0.01953125
0 0.5556640625 0.681640625 0.013671875 0.015625
0 0.5439453125 0.646484375 0.015625 0.0234375
0 0.4931640625 0.712890625 0.013671875 0.01953125
0 0.455078125 0.7177734375 0.015625 0.021484375
0 0.373046875 0.8125 0.021484375 0.02734375
0 0.3671875 0.7705078125 0.015625 0.02734375
0 0.3955078125 0.8310546875 0.015625 0.02734375
0 0.498046875 0.595703125 0.017578125 0.0234375
0 0.572265625 0.6005859375 0.01953125 0.0234375
0 0.59765625 0.6005859375 0.021484375 0.021484375
0 0.689453125 0.6064453125 0.021484375 0.01953125
0 0.7978515625 0.646484375 0.01953125 0.02734375
0 0.4091796875 0.6669921875 0.01953125 0.01953125
0 0.455078125 0.6005859375 0.015625 0.01953125
0 0.443359375 0.5927734375 0.01171875 0.025390625
0 0.37890625 0.611328125 0.01953125 0.021484375
0 0.349609375 0.619140625 0.01171875 0.021484375
0 0.306640625 0.6240234375 0.009765625 0.01171875
0 0.267578125 0.740234375 0.013671875 0.025390625
0 0.2607421875 0.771484375 0.017578125 0.021484375
0 0.3037109375 0.826171875 0.01953125 0.021484375
0 0.2294921875 0.7626953125 0.01953125 0.03125
0 0.19921875 0.708984375 0.01953125 0.02734375
0 0.2158203125 0.787109375 0.01953125 0.03125
0 0.2685546875 0.6171875 0.025390625 0.02734375
0 0.306640625 0.580078125 0.01953125 0.01953125
0 0.251953125 0.6533203125 0.01953125 0.0234375
0 0.6943359375 0.345703125 0.02734375 0.037109375
0 0.7685546875 0.291015625 0.0234375 0.025390625
0 0.748046875 0.23828125 0.021484375 0.02734375
0 0.7314453125 0.228515625 0.015625 0.0234375
0 0.796875 0.1953125 0.021484375 0.03125
0 0.8046875 0.3388671875 0.017578125 0.0234375
0 0.8525390625 0.298828125 0.0234375 0.025390625
0 0.810546875 0.37109375 0.01953125 0.02734375
0 0.818359375 0.3974609375 0.013671875 0.025390625
0 0.845703125 0.431640625 0.01953125 0.021484375
0 0.740234375 0.3994140625 0.015625 0.021484375
0 0.6728515625 0.3837890625 0.01953125 0.025390625
0 0.6865234375 0.4140625 0.017578125 0.025390625
0 0.646484375 0.4052734375 0.01953125 0.017578125
0 0.6259765625 0.3798828125 0.015625 0.025390625
0 0.611328125 0.38671875 0.017578125 0.02734375
0 0.583984375 0.3212890625 0.025390625 0.03515625
0 0.5595703125 0.3017578125 0.0234375 0.033203125
0 0.546875 0.2255859375 0.01953125 0.03125
0 0.5341796875 0.1865234375 0.01171875 0.025390625
0 0.5185546875 0.1845703125 0.015625 0.021484375
0 0.49609375 0.2138671875 0.021484375 0.02734375
0 0.4814453125 0.2626953125 0.015625 0.029296875
0 0.462890625 0.2314453125 0.01953125 0.02734375
0 0.453125 0.3212890625 0.015625 0.0390625
0 0.439453125 0.3046875 0.015625 0.029296875
0 0.4150390625 0.162109375 0.01953125 0.02734375
0 0.4755859375 0.134765625 0.021484375 0.021484375
0 0.490234375 0.099609375 0.015625 0.02734375
0 0.462890625 0.0986328125 0.021484375 0.01953125
0 0.5888671875 0.107421875 0.021484375 0.02734375
0 0.6767578125 0.111328125 0.02734375 0.025390625
0 0.7705078125 0.1123046875 0.021484375 0.02734375
0 0.8720703125 0.267578125 0.021484375 0.04296875
0 0.3701171875 0.337890625 0.015625 0.021484375
0 0.419921875 0.3779296875 0.025390625 0.03125
0 0.509765625 0.4208984375 0.01953125 0.025390625
0 0.51171875 0.3671875 0.015625 0.02734375
0 0.5107421875 0.38671875 0.015625 0.021484375
0 0.4423828125 0.41015625 0.0234375 0.02734375
0 0.419921875 0.41796875 0.01953125 0.02734375
0 0.4013671875 0.4267578125 0.015625 0.02734375
0 0.3779296875 0.375 0.021484375 0.021484375
0 0.30859375 0.3369140625 0.017578125 0.021484375
0 0.3125 0.294921875 0.025390625 0.02734375
0 0.326171875 0.28125 0.01953125 0.02734375
0 0.2685546875 0.2109375 0.01953125 0.017578125
0 0.24609375 0.18359375 0.01953125 0.02734375
0 0.283203125 0.1123046875 0.025390625 0.02734375
0 0.330078125 0.1142578125 0.02734375 0.0234375
0 0.21875 0.212890625 0.01953125 0.03125
0 0.216796875 0.1748046875 0.01171875 0.02734375
0 0.201171875 0.111328125 0.017578125 0.033203125
0 0.2138671875 0.330078125 0.02734375 0.037109375
0 0.1982421875 0.3173828125 0.01953125 0.02734375
0 0.248046875 0.3955078125 0.01953125 0.021484375
0 0.2802734375 0.3359375 0.01953125 0.03125
0 0.279296875 0.4111328125 0.01171875 0.01953125
0 0.26171875 0.4111328125 0.01171875 0.021484375
0 0.30078125 0.85546875 0.015625 0.025390625
0 0.4208984375 0.8740234375 0.015625 0.025390625
0 0.7880859375 0.607421875 0.021484375 0.025390625
0 0.7724609375 0.6796875 0.015625 0.025390625
0 0.8896484375 0.6298828125 0.021484375 0.03125
0 0.943359375 0.216796875 0.021484375 0.0234375
0 0.904296875 0.1220703125 0.021484375 0.029296875
0 0.95703125 0.3251953125 0.01953125 0.025390625
0 0.943359375 0.380859375 0.021484375 0.025390625
0 0.947265625 0.4033203125 0.01953125 0.025390625
0 0.9912109375 0.392578125 0.017578125 0.02734375
0 0.8583984375 0.0849609375 0.01953125 0.021484375
0 0.921875 0.814453125 0.01953125 0.025390625
0 0.9013671875 0.890625 0.01953125 0.03125
0 0.943359375 0.67578125 0.015625 0.025390625
0 0.138671875 0.75390625 0.02734375 0.03515625
0 0.166015625 0.75 0.017578125 0.03125
0 0.146484375 0.697265625 0.021484375 0.029296875
0 0.16015625 0.568359375 0.025390625 0.02734375
0 0.208984375 0.837890625 0.01953125 0.029296875
0 0.16796875 0.8408203125 0.01953125 0.021484375
0 0.099609375 0.326171875 0.0234375 0.029296875
0 0.083984375 0.3017578125 0.015625 0.021484375
0 0.0576171875 0.2265625 0.021484375 0.029296875
0 0.162109375 0.154296875 0.025390625 0.02734375
0 0.177734375 0.119140625 0.017578125 0.021484375
0 0.138671875 0.0986328125 0.015625 0.0234375
0 0.0908203125 0.119140625 0.021484375 0.03125
0 0.115234375 0.162109375 0.01171875 0.025390625
0 0.2001953125 0.404296875 0.021484375 0.033203125
0 0.197265625 0.369140625 0.015625 0.02734375
0 0.17578125 0.357421875 0.021484375 0.0234375
0 0.1640625 0.3720703125 0.025390625 0.02734375
0 0.1337890625 0.40625 0.01953125 0.02734375
0 0.068359375 0.7490234375 0.017578125 0.01953125
