0 0.470703125 0.791015625 0.07421875 0.0703125
0 0.419921875 0.7646484375 0.046875 0.044921875
0 0.4091796875 0.9326171875 0.04296875 0.037109375
0 0.451171875 0.9501953125 0.046875 0.04296875
0 0.3671875 0.953125 0.05078125 0.037109375
0 0.3740234375 0.9013671875 0.04296875 0.044921875
0 0.4501953125 0.912109375 0.05078125 0.041015625
0 0.5087890625 0.7451171875 0.041015625 0.03515625
0 0.3798828125 0.7626953125 0.03515625 0.037109375
0 0.3115234375 0.7900390625 0.046875 0.041015625
0 0.4091796875 0.66796875 0.056640625 0.044921875
0 0.4453125 0.6474609375 0.05078125 0.037109375
0 0.455078125 0.4951171875 0.06640625 0.056640625
0 0.455078125 0.5478515625 0.05078125 0.03515625
0 0.564453125 0.431640625 0.056640625 0.05078125
0 0.501953125 0.408203125 0.05859375 0.044921875
0 0.4384765625 0.412109375 0.064453125 0.046875
0 0.3857421875 0.3828125 0.072265625 0.044921875
0 0.376953125 0.3125 0.072265625 0.05078125
0 0.4951171875 0.2939453125 0.05859375 0.048828125
0 0.4619140625 0.3623046875 0.0625 0.05078125
0 0.5546875 0.333984375 0.06640625 0.046875
0 0.564453125 0.623046875 0.04296875 0.041015625
0 0.501953125 0.580078125 0.05859375 0.046875
0 0.5498046875 0.5576171875 0.05078125 0.041015625
0 0.556640625 0.5126953125 0.048828125 0.04296875
0 0.544921875 0.212890625 0.064453125 0.046875
0 0.3876953125 0.1953125 0.078125 0.056640625
