1 0.3759765625 0.5947265625 0.04296875 0.052734375
1 0.380859375 0.498046875 0.04296875 0.10546875
1 0.4365234375 0.53515625 0.037109375 0.033203125
1 0.4326171875 0.478515625 0.046875 0.07421875
1 0.4658203125 0.5703125 0.0234375 0.044921875
1 0.498046875 0.5615234375 0.013671875 0.046875
1 0.484375 0.5361328125 0.017578125 0.015625
1 0.484375 0.509765625 0.046875 0.017578125
1 0.46875 0.4736328125 0.015625 0.044921875
1 0.529296875 0.474609375 0.064453125 0.04296875
1 0.5263671875 0.5478515625 0.0234375 0.0625
1 0.580078125 0.541015625 0.03515625 0.109375
1 0.5234375 0.6376953125 0.02734375 0.0546875
1 0.482421875 0.642578125 0.03515625 0.04296875
1 0.4375 0.6416015625 0.01953125 0.0546875
