1 0.625 0.4248046875 0.041015625 0.0546875
1 0.619140625 0.5166015625 0.048828125 0.09375
1 0.564453125 0.4775390625 0.0390625 0.033203125
1 0.568359375 0.5380859375 0.046875 0.07421875
1 0.533203125 0.4462890625 0.01953125 0.04296875
1 0.5166015625 0.478515625 0.017578125 0.01171875
1 0.5224609375 0.5068359375 0.02734375 0.015625
1 0.5302734375 0.5439453125 0.015625 0.0390625
1 0.5 0.4541015625 0.015625 0.044921875
1 0.49609375 0.53125 0.017578125 0.0625
1 0.47265625 0.466796875 0.0234375 0.0625
1 0.4599609375 0.5322265625 0.046875 0.05078125
1 0.419921875 0.4775390625 0.03515625 0.1171875
1 0.4755859375 0.3720703125 0.03515625 0.068359375
1 0.5205078125 0.3759765625 0.0390625 0.05078125
1 0.55859375 0.3740234375 0.02734375 0.05078125
