1 0.375 0.591796875 0.0390625 0.052734375
1 0.3818359375 0.4951171875 0.05078125 0.1015625
1 0.4345703125 0.5380859375 0.03515625 0.0390625
1 0.4326171875 0.4736328125 0.04296875 0.078125
1 0.4833984375 0.53125 0.017578125 0.015625
1 0.4853515625 0.5068359375 0.041015625 0.025390625
1 0.46875 0.46875 0.01953125 0.041015625
1 0.4990234375 0.5625 0.01953125 0.04296875
1 0.5263671875 0.546875 0.0234375 0.056640625
1 0.52734375 0.474609375 0.06640625 0.04296875
1 0.58203125 0.541015625 0.03515625 0.11328125
1 0.5234375 0.6396484375 0.029296875 0.0546875
1 0.482421875 0.640625 0.033203125 0.05859375
1 0.4384765625 0.638671875 0.03125 0.05859375
