0 0.27734375 0.625 0.037109375 0.03515625
0 0.4453125 0.587890625 0.03515625 0.02734375
0 0.5263671875 0.5869140625 0.03515625 0.04296875
0 0.5224609375 0.50390625 0.04296875 0.056640625
0 0.5732421875 0.423828125 0.0390625 0.041015625
0 0.638671875 0.53125 0.0390625 0.041015625
0 0.6376953125 0.599609375 0.03515625 0.041015625
0 0.58203125 0.615234375 0.0390625 0.037109375
0 0.5849609375 0.6728515625 0.0234375 0.037109375
0 0.626953125 0.7236328125 0.03515625 0.03125
0 0.5595703125 0.775390625 0.02734375 0.029296875
0 0.615234375 0.7685546875 0.0234375 0.03125
0 0.654296875 0.767578125 0.02734375 0.03515625
0 0.6884765625 0.763671875 0.025390625 0.03125
0 0.6064453125 0.8125 0.03515625 0.02734375
0 0.6865234375 0.841796875 0.02734375 0.029296875
0 0.7666015625 0.771484375 0.03515625 0.03515625
0 0.7744140625 0.802734375 0.03515625 0.025390625
0 0.693359375 0.634765625 0.03515625 0.029296875
0 0.64453125 0.658203125 0.02734375 0.02734375
0 0.736328125 0.6611328125 0.029296875 0.02734375
0 0.73046875 0.6025390625 0.025390625 0.029296875
0 0.759765625 0.556640625 0.025390625 0.025390625
0 0.775390625 0.5791015625 0.03515625 0.041015625
0 0.7861328125 0.5048828125 0.03125 0.033203125
0 0.8837890625 0.611328125 0.03125 0.041015625
0 0.642578125 0.416015625 0.033203125 0.02734375
0 0.767578125 0.7275390625 0.02734375 0.03125
0 0.482421875 0.7998046875 0.03515625 0.02734375
0 0.498046875 0.826171875 0.02734375 0.02734375
0 0.4638671875 0.833984375 0.029296875 0.03515625
0 0.365234375 0.2978515625 0.03125 0.04296875
0 0.1025390625 0.337890625 0.025390625 0.03125
0 0.0830078125 0.748046875 0.025390625 0.03515625
0 0.162109375 0.806640625 0.03125 0.03515625
0 0.12890625 0.880859375 0.037109375 0.037109375
0 0.349609375 0.185546875 0.037109375 0.04296875
