4 0.2880859375 0.173828125 0.30859375 0.201171875
4 0.625 0.173828125 0.326171875 0.1708984375
4 0.8447265625 0.2939453125 0.224609375 0.142578125
4 0.57421875 0.3310546875 0.3212890625 0.130859375
4 0.22265625 0.4814453125 0.1787109375 0.3759765625
4 0.48046875 0.5927734375 0.341796875 0.1748046875
4 0.78515625 0.728515625 0.3017578125 0.234375
4 0.794921875 0.4521484375 0.2333984375 0.107421875
4 0.5966796875 0.4443359375 0.1767578125 0.099609375
4 0.41796875 0.7490234375 0.451171875 0.1865234375
