4 0.577256943359375 0.714506173828125 0.576388888671875 0.8765432109375 0.622395833984375 0.8765432109375 0.625868056640625 0.70987654296875 0.577256943359375 0.714506173828125
4 0.7578125 0.70061728515625 0.760416666015625 0.861111111328125 0.805555556640625 0.85802469140625 0.805555556640625 0.695987654296875 0.7578125 0.70061728515625
4 0.60590277734375 0.138888888671875 0.55815972265625 0.138888888671875 0.557291666015625 0.2947530859375 0.603298611328125 0.296296296875 0.60590277734375 0.138888888671875
4 0.798611111328125 0.117283951171875 0.750868056640625 0.121913580078125 0.75 0.270061728515625 0.796875 0.270061728515625 0.798611111328125 0.117283951171875
4 0.4453125 0.3194444453125 0.35590277734375 0.32253086328125 0.35590277734375 0.384259259765625 0.44965277734375 0.378086419921875 0.4453125 0.3194444453125
4 0.358506943359375 0.4089506171875 0.358506943359375 0.458333333984375 0.451388888671875 0.45061728515625 0.44878472265625 0.40277777734375 0.358506943359375 0.4089506171875
4 0.345486111328125 0.0910493828125 0.34809027734375 0.13117283984375 0.44184027734375 0.1234567890625 0.439236111328125 0.070987654296875 0.345486111328125 0.0910493828125
4 0.346354166015625 0.1589506171875 0.34809027734375 0.217592591796875 0.388020833984375 0.214506173828125 0.37152777734375 0.155864197265625 0.346354166015625 0.1589506171875
4 0.349826388671875 0.577160494140625 0.352430556640625 0.63117283984375 0.403645833984375 0.628086419921875 0.403645833984375 0.57253086328125 0.349826388671875 0.577160494140625
4 0.349826388671875 0.657407408203125 0.34809027734375 0.706790123046875 0.407986111328125 0.702160494140625 0.372395833984375 0.657407408203125 0.349826388671875 0.657407408203125
4 0.34375 0.8981481484375 0.344618056640625 0.961419751953125 0.439236111328125 0.953703703125 0.4375 0.9089506171875 0.34375 0.8981481484375
4 0.438368056640625 0.859567900390625 0.342881943359375 0.862654322265625 0.344618056640625 0.89197530859375 0.4375 0.890432099609375 0.438368056640625 0.859567900390625
