1 0.3466796875 0.4619140625 0.0107421875 0.025390625
1 0.3564453125 0.556640625 0.01953125 0.1240234375
1 0.3876953125 0.5185546875 0.03515625 0.041015625
1 0.388671875 0.572265625 0.0361328125 0.0361328125
1 0.4345703125 0.5146484375 0.0439453125 0.0546875
1 0.435546875 0.5751953125 0.0400390625 0.0439453125
1 0.4814453125 0.513671875 0.033203125 0.037109375
1 0.482421875 0.5693359375 0.0380859375 0.0478515625
1 0.5263671875 0.5009765625 0.021484375 0.0322265625
1 0.529296875 0.5517578125 0.0087890625 0.0341796875
1 0.4404296875 0.4228515625 0.0458984375 0.064453125
