1 0.6044921875 0.375 0.04296875 0.04296875
1 0.51171875 0.3818359375 0.09765625 0.044921875
1 0.55078125 0.4345703125 0.029296875 0.0390625
1 0.4912109375 0.431640625 0.072265625 0.04296875
1 0.58203125 0.4658203125 0.044921875 0.01171875
1 0.57421875 0.498046875 0.044921875 0.015625
1 0.5458984375 0.4833984375 0.01953125 0.015625
1 0.5205078125 0.484375 0.01953125 0.046875
1 0.4853515625 0.46875 0.03515625 0.015625
1 0.482421875 0.50390625 0.0390625 0.013671875
1 0.5634765625 0.52734375 0.064453125 0.025390625
1 0.4921875 0.5380859375 0.048828125 0.046875
1 0.55078125 0.5791015625 0.11328125 0.03515625
1 0.65234375 0.5224609375 0.048828125 0.03125
1 0.6513671875 0.478515625 0.03125 0.04296875
1 0.6435546875 0.439453125 0.037109375 0.02734375
