1 0.458984375 0.3466796875 0.03125 0.01171875
1 0.560546875 0.357421875 0.12109375 0.013671875
1 0.5166015625 0.384765625 0.05078125 0.037109375
1 0.568359375 0.388671875 0.04296875 0.03125
1 0.513671875 0.435546875 0.05859375 0.041015625
1 0.5771484375 0.4345703125 0.04296875 0.046875
1 0.5146484375 0.4814453125 0.04296875 0.0390625
1 0.5673828125 0.4814453125 0.046875 0.0390625
1 0.5 0.52734375 0.02734375 0.017578125
1 0.5478515625 0.52734375 0.01953125 0.01171875
1 0.4248046875 0.4375 0.06640625 0.041015625
