4 0.6533203125 0.6875 0.1328125 0.07421875
4 0.7392578125 0.34375 0.13671875 0.1015625
4 0.3779296875 0.705078125 0.052734375 0.04296875
4 0.7724609375 0.716796875 0.06640625 0.0234375
4 0.1728515625 0.689453125 0.03125 0.068359375
4 0.62109375 0.326171875 0.0859375 0.064453125
4 0.4755859375 0.71875 0.0625 0.01953125
4 0.48046875 0.318359375 0.0625 0.046875
4 0.275390625 0.72265625 0.01953125 0.01171875
4 0.408203125 0.31640625 0.048828125 0.0390625
4 0.2783203125 0.3017578125 0.0234375 0.015625
4 0.57421875 0.3837890625 0.0625 0.0859375
4 0.32421875 0.3017578125 0.025390625 0.015625
4 0.498046875 0.318359375 0.0234375 0.037109375
4 0.2333984375 0.30078125 0.0234375 0.01171875
4 0.533203125 0.3203125 0.03125 0.05078125
4 0.78125 0.35546875 0.03515625 0.03125
4 0.59375 0.2998046875 0.02734375 0.015625
4 0.2529296875 0.7236328125 0.076171875 0.013671875
4 0.3203125 0.724609375 0.015625 0.009765625
4 0.3671875 0.3837890625 0.02734375 0.1796875
4 0.7861328125 0.3818359375 0.044921875 0.03125
4 0.77734375 0.431640625 0.033203125 0.291015625
4 0.3564453125 0.30859375 0.009765625 0.0234375
