4 0.15625 0.2919921875 0.015625 0.0234375
4 0.154296875 0.2451171875 0.01171875 0.0234375
4 0.578125 0.29296875 0.01171875 0.021484375
4 0.154296875 0.3369140625 0.015625 0.025390625
4 0.1689453125 0.41796875 0.04296875 0.05078125
4 0.580078125 0.3359375 0.01171875 0.015625
4 0.58203125 0.2451171875 0.0078125 0.017578125
4 0.5595703125 0.3984375 0.0390625 0.05078125
4 0.1669921875 0.478515625 0.0390625 0.03125
4 0.580078125 0.37109375 0.009765625 0.0234375
4 0.1513671875 0.3642578125 0.0078125 0.01171875
4 0.44140625 0.3818359375 0.1328125 0.01953125
4 0.2880859375 0.384765625 0.0234375 0.01171875
4 0.578125 0.1689453125 0.013671875 0.0078125
