4 0.6982421875 0.3359375 0.0576171875 0.119140625
4 0.30078125 0.7236328125 0.013671875 0.0234375
4 0.30078125 0.677734375 0.0146484375 0.0244140625
4 0.701171875 0.1689453125 0.0498046875 0.1396484375
4 0.2998046875 0.7685546875 0.01171875 0.0224609375
4 0.326171875 0.37890625 0.064453125 0.08984375
4 0.72265625 0.7275390625 0.013671875 0.0224609375
4 0.3154296875 0.52734375 0.0458984375 0.08203125
4 0.724609375 0.6826171875 0.009765625 0.0166015625
4 0.7275390625 0.7724609375 0.0078125 0.017578125
4 0.724609375 0.6474609375 0.0087890625 0.021484375
4 0.2978515625 0.6513671875 0.0068359375 0.0126953125
4 0.298828125 0.4072265625 0.015625 0.025390625
4 0.71875 0.5283203125 0.01953125 0.068359375
4 0.3076171875 0.09765625 0.0341796875 0.03515625
4 0.3583984375 0.626953125 0.015625 0.009765625
4 0.310546875 0.646484375 0.0283203125 0.01171875
4 0.3212890625 0.1513671875 0.05859375 0.0927734375
4 0.3154296875 0.505859375 0.0302734375 0.0166015625
4 0.4189453125 0.6357421875 0.05078125 0.017578125
