4 0.521484375 0.4970703125 0.0634765625 0.0849609375
4 0.705078125 0.62109375 0.04296875 0.052734375
4 0.669921875 0.341796875 0.080078125 0.111328125
4 0.607421875 0.6494140625 0.052734375 0.0439453125
4 0.689453125 0.45703125 0.0712890625 0.138671875
4 0.71875 0.6005859375 0.017578125 0.033203125
4 0.708984375 0.0625 0.033203125 0.052734375
4 0.654296875 0.1533203125 0.1220703125 0.111328125
4 0.7216796875 0.72265625 0.0126953125 0.0185546875
4 0.3134765625 0.501953125 0.0263671875 0.0185546875
4 0.31640625 0.591796875 0.037109375 0.048828125
4 0.3896484375 0.427734375 0.09375 0.06640625
4 0.32421875 0.1748046875 0.0673828125 0.091796875
4 0.328125 0.376953125 0.0634765625 0.0869140625
4 0.30078125 0.765625 0.0126953125 0.025390625
4 0.333984375 0.26953125 0.0810546875 0.1171875
4 0.318359375 0.51953125 0.0400390625 0.0576171875
4 0.298828125 0.4052734375 0.0146484375 0.025390625
4 0.33203125 0.466796875 0.0712890625 0.025390625
4 0.30078125 0.6748046875 0.0146484375 0.02734375
4 0.3017578125 0.7197265625 0.013671875 0.0244140625
4 0.697265625 0.275390625 0.046875 0.0859375
4 0.330078125 0.0732421875 0.078125 0.0908203125
4 0.697265625 0.54296875 0.013671875 0.13671875
4 0.3046875 0.1005859375 0.025390625 0.029296875
