4 0.84375 0.7080078125 0.0146484375 0.0234375
4 0.845703125 0.7548828125 0.01171875 0.0244140625
4 0.421875 0.70703125 0.0126953125 0.021484375
4 0.845703125 0.6630859375 0.0146484375 0.025390625
4 0.8310546875 0.58203125 0.0439453125 0.0498046875
4 0.419921875 0.6640625 0.0107421875 0.0166015625
4 0.41796875 0.7548828125 0.0068359375 0.017578125
4 0.4404296875 0.6015625 0.0400390625 0.0498046875
4 0.8330078125 0.521484375 0.0390625 0.0322265625
4 0.419921875 0.62890625 0.009765625 0.0224609375
4 0.8486328125 0.6357421875 0.0078125 0.0107421875
4 0.55859375 0.6181640625 0.1318359375 0.0205078125
4 0.7119140625 0.615234375 0.0234375 0.0107421875
4 0.421875 0.8310546875 0.013671875 0.0087890625
