4 0.55859375 0.60546875 0.04296875 0.0517578125
4 0.40234375 0.4697265625 0.021484375 0.052734375
4 0.5625 0.39453125 0.0478515625 0.1533203125
4 0.552734375 0.3388671875 0.0576171875 0.080078125
4 0.16796875 0.580078125 0.041015625 0.0517578125
4 0.154296875 0.6650390625 0.015625 0.025390625
4 0.193359375 0.3505859375 0.0400390625 0.0546875
4 0.1552734375 0.708984375 0.0146484375 0.0224609375
4 0.578125 0.7109375 0.0126953125 0.0234375
4 0.154296875 0.7568359375 0.01171875 0.025390625
4 0.193359375 0.46875 0.0751953125 0.046875
4 0.169921875 0.5078125 0.0458984375 0.06640625
4 0.150390625 0.3056640625 0.013671875 0.017578125
4 0.2373046875 0.41015625 0.0810546875 0.060546875
4 0.5791015625 0.6650390625 0.009765625 0.0166015625
