4 0.55859375 0.6025390625 0.041015625 0.05078125
4 0.572265625 0.49609375 0.0185546875 0.0400390625
4 0.1943359375 0.3486328125 0.0380859375 0.0537109375
4 0.154296875 0.6630859375 0.015625 0.025390625
4 0.1591796875 0.2978515625 0.03125 0.041015625
4 0.1552734375 0.7080078125 0.0146484375 0.0244140625
4 0.55078125 0.330078125 0.056640625 0.0908203125
4 0.578125 0.708984375 0.013671875 0.0224609375
4 0.16796875 0.580078125 0.041015625 0.05078125
4 0.318359375 0.5341796875 0.064453125 0.025390625
4 0.169921875 0.505859375 0.0458984375 0.0625
4 0.4736328125 0.3310546875 0.0849609375 0.06640625
4 0.349609375 0.4794921875 0.1337890625 0.08203125
4 0.154296875 0.7548828125 0.01171875 0.0244140625
4 0.537109375 0.4072265625 0.0703125 0.0732421875
