4 0.1552734375 0.70703125 0.0146484375 0.0224609375
4 0.578125 0.70703125 0.0126953125 0.0205078125
4 0.154296875 0.75390625 0.01171875 0.0244140625
4 0.154296875 0.662109375 0.015625 0.0244140625
4 0.580078125 0.6640625 0.009765625 0.015625
4 0.58203125 0.75390625 0.005859375 0.015625
4 0.16796875 0.580078125 0.0419921875 0.0498046875
4 0.55859375 0.6025390625 0.0419921875 0.05078125
4 0.166015625 0.521484375 0.0380859375 0.03125
4 0.228515625 0.619140625 0.15625 0.029296875
4 0.1513671875 0.63671875 0.0087890625 0.0126953125
4 0.212890625 0.611328125 0.015625 0.0078125
4 0.578125 0.830078125 0.0126953125 0.009765625
4 0.150390625 0.5390625 0.0107421875 0.0126953125
