4 0.8447265625 0.29296875 0.015625 0.0234375
4 0.421875 0.29296875 0.01171875 0.01953125
4 0.845703125 0.24609375 0.01171875 0.0234375
4 0.845703125 0.337890625 0.015625 0.0234375
4 0.419921875 0.3359375 0.009765625 0.015625
4 0.41796875 0.24609375 0.005859375 0.015625
4 0.83203125 0.419921875 0.04296875 0.05078125
4 0.44140625 0.3974609375 0.04296875 0.05078125
4 0.833984375 0.478515625 0.0390625 0.03125
4 0.771484375 0.380859375 0.15625 0.029296875
4 0.8486328125 0.36328125 0.0078125 0.01171875
4 0.787109375 0.388671875 0.015625 0.0078125
4 0.421875 0.169921875 0.01171875 0.009765625
4 0.849609375 0.4609375 0.01171875 0.01171875
