4 0.720703125 0.7685546875 0.01953125 0.03125
4 0.546875 0.4794921875 0.0234375 0.044921875
4 0.705078125 0.62109375 0.04296875 0.05078125
4 0.662109375 0.349609375 0.083984375 0.09765625
4 0.71875 0.5234375 0.01953125 0.0625
4 0.390625 0.037109375 0.017578125 0.03125
4 0.6953125 0.4248046875 0.0546875 0.09765625
4 0.703125 0.052734375 0.04296875 0.0703125
4 0.7216796875 0.72265625 0.01171875 0.01953125
4 0.38671875 0.4248046875 0.083984375 0.056640625
4 0.701171875 0.1357421875 0.05859375 0.228515625
4 0.31640625 0.591796875 0.037109375 0.046875
4 0.314453125 0.501953125 0.03125 0.021484375
4 0.3427734375 0.3603515625 0.03515625 0.05078125
4 0.30078125 0.765625 0.01171875 0.025390625
4 0.685546875 0.822265625 0.078125 0.04296875
4 0.318359375 0.4296875 0.05078125 0.072265625
4 0.32421875 0.173828125 0.06640625 0.08984375
4 0.654296875 0.1728515625 0.095703125 0.10546875
4 0.3369140625 0.26953125 0.08203125 0.1171875
4 0.677734375 0.5126953125 0.01953125 0.123046875
4 0.318359375 0.51953125 0.041015625 0.05859375
4 0.298828125 0.40625 0.015625 0.0234375
4 0.3017578125 0.7197265625 0.015625 0.0234375
