4 0.3935546875 0.7919921875 0.03125 0.04296875
4 0.61328125 0.8095703125 0.015625 0.015625
4 0.408203125 0.5859375 0.068359375 0.087890625
4 0.6376953125 0.41796875 0.076171875 0.06640625
4 0.37890625 0.451171875 0.0234375 0.02734375
4 0.654296875 0.556640625 0.021484375 0.02734375
4 0.47265625 0.78515625 0.025390625 0.04296875
4 0.373046875 0.4033203125 0.021484375 0.04296875
4 0.4375 0.5546875 0.02734375 0.01171875
4 0.486328125 0.5205078125 0.02734375 0.0234375
4 0.662109375 0.4755859375 0.01953125 0.01171875
4 0.376953125 0.490234375 0.0234375 0.0390625
