4 0.2900390625 0.421875 0.0234375 0.013671875
4 0.4189453125 0.83203125 0.048828125 0.04296875
4 0.2919921875 0.8447265625 0.0234375 0.015625
4 0.3359375 0.845703125 0.025390625 0.015625
4 0.2451171875 0.845703125 0.0234375 0.01171875
4 0.4931640625 0.8291015625 0.05859375 0.0390625
4 0.64453125 0.822265625 0.06640625 0.064453125
4 0.396484375 0.439453125 0.05078125 0.04296875
4 0.5048828125 0.427734375 0.037109375 0.01953125
4 0.244140625 0.41796875 0.017578125 0.0078125
4 0.552734375 0.7841796875 0.03515625 0.1328125
4 0.65625 0.4462890625 0.060546875 0.05078125
4 0.36328125 0.849609375 0.01171875 0.0078125
4 0.5400390625 0.8408203125 0.015625 0.025390625
4 0.40234375 0.7705078125 0.0859375 0.154296875
4 0.6083984375 0.8466796875 0.02734375 0.015625
4 0.5625 0.421875 0.03515625 0.01171875
4 0.345703125 0.4208984375 0.0234375 0.009765625
4 0.3837890625 0.59765625 0.0078125 0.021484375
