4 0.650390625 0.421875 0.30078125 0.146484375
4 0.4091796875 0.25 0.798828125 0.2109375
4 0.556640625 0.5390625 0.294921875 0.15234375
4 0.32421875 0.291015625 0.234375 0.09765625
4 0.744140625 0.2998046875 0.146484375 0.0625
4 0.533203125 0.662109375 0.4765625 0.107421875
4 0.69921875 0.62109375 0.1796875 0.18359375
4 0.115234375 0.509765625 0.181640625 0.134765625
4 0.15625 0.21484375 0.28125 0.103515625
4 0.48046875 0.4853515625 0.12109375 0.05859375
4 0.1611328125 0.6416015625 0.263671875 0.140625
4 0.3623046875 0.560546875 0.169921875 0.095703125
4 0.294921875 0.201171875 0.244140625 0.09375
