4 0.4609375 0.6005859375 0.033203125 0.03125
4 0.6015625 0.44140625 0.05078125 0.04296875
4 0.32421875 0.4873046875 0.109375 0.091796875
4 0.498046875 0.7001953125 0.041015625 0.04296875
4 0.349609375 0.806640625 0.05859375 0.0390625
4 0.28515625 0.8349609375 0.0546875 0.04296875
4 0.501953125 0.427734375 0.05078125 0.01953125
4 0.70703125 0.84375 0.0234375 0.015625
4 0.662109375 0.8447265625 0.025390625 0.015625
4 0.70703125 0.4228515625 0.021484375 0.013671875
4 0.75390625 0.845703125 0.0234375 0.01171875
4 0.41015625 0.478515625 0.08984375 0.1015625
4 0.5791015625 0.83203125 0.048828125 0.041015625
4 0.505859375 0.8291015625 0.05859375 0.04296875
4 0.5703125 0.4287109375 0.0703125 0.02734375
