4 0.578125 0.650390625 0.146484375 0.3017578125
4 0.75 0.4091796875 0.2109375 0.798828125
4 0.4609375 0.556640625 0.15234375 0.294921875
4 0.708984375 0.32421875 0.0966796875 0.234375
4 0.7001953125 0.744140625 0.0615234375 0.146484375
4 0.337890625 0.533203125 0.107421875 0.4765625
4 0.37890625 0.69921875 0.1826171875 0.1796875
4 0.490234375 0.115234375 0.134765625 0.181640625
4 0.78515625 0.15625 0.103515625 0.2802734375
4 0.5146484375 0.48046875 0.05859375 0.1201171875
4 0.3583984375 0.1611328125 0.140625 0.263671875
4 0.439453125 0.3623046875 0.095703125 0.169921875
4 0.798828125 0.294921875 0.09375 0.244140625
