4 0.56640625 0.5068359375 0.044921875 0.2119140625
4 0.5625 0.4013671875 0.04296875 0.1220703125
4 0.4033203125 0.470703125 0.0205078125 0.056640625
4 0.5615234375 0.353515625 0.0400390625 0.0439453125
4 0.154296875 0.6640625 0.015625 0.025390625
4 0.1552734375 0.708984375 0.0146484375 0.0244140625
4 0.169921875 0.578125 0.0390625 0.048828125
4 0.1875 0.3515625 0.0244140625 0.0419921875
4 0.578125 0.708984375 0.013671875 0.0224609375
4 0.154296875 0.7548828125 0.01171875 0.0244140625
4 0.1689453125 0.505859375 0.044921875 0.0615234375
4 0.2333984375 0.40234375 0.146484375 0.0634765625
