4 0.697265625 0.3359375 0.0576171875 0.1220703125
4 0.302734375 0.7197265625 0.013671875 0.0224609375
4 0.3173828125 0.51953125 0.04296875 0.064453125
4 0.3017578125 0.673828125 0.0146484375 0.0263671875
4 0.708984375 0.1982421875 0.03515625 0.0791015625
4 0.30078125 0.765625 0.01171875 0.025390625
4 0.7216796875 0.7216796875 0.013671875 0.01953125
4 0.34375 0.2451171875 0.103515625 0.1787109375
4 0.7041015625 0.62109375 0.04296875 0.0546875
4 0.72265625 0.677734375 0.009765625 0.0146484375
4 0.298828125 0.6474609375 0.0078125 0.013671875
4 0.724609375 0.7685546875 0.0078125 0.017578125
4 0.318359375 0.5888671875 0.03515625 0.044921875
4 0.30078125 0.40625 0.015625 0.025390625
4 0.7177734375 0.525390625 0.01953125 0.068359375
4 0.3359375 0.4658203125 0.0732421875 0.0234375
4 0.4365234375 0.6240234375 0.2314453125 0.0400390625
4 0.3408203125 0.37890625 0.0927734375 0.0927734375
