4 0.328125 0.37890625 0.06640625 0.0869140625
4 0.697265625 0.3359375 0.0576171875 0.1240234375
4 0.3173828125 0.51953125 0.04296875 0.0634765625
4 0.302734375 0.7197265625 0.013671875 0.0234375
4 0.3017578125 0.673828125 0.0146484375 0.0263671875
4 0.30078125 0.765625 0.01171875 0.0263671875
4 0.708984375 0.19921875 0.03515625 0.0810546875
4 0.7216796875 0.7216796875 0.013671875 0.01953125
4 0.31640625 0.591796875 0.0380859375 0.0478515625
4 0.7041015625 0.62109375 0.04296875 0.0556640625
4 0.72265625 0.677734375 0.009765625 0.0146484375
4 0.3330078125 0.4658203125 0.068359375 0.0244140625
4 0.2998046875 0.6474609375 0.0078125 0.0126953125
4 0.724609375 0.76953125 0.0078125 0.0166015625
4 0.30078125 0.40625 0.0146484375 0.025390625
4 0.7177734375 0.5234375 0.01953125 0.06640625
4 0.37890625 0.1953125 0.033203125 0.0751953125
4 0.3984375 0.630859375 0.205078125 0.0302734375
4 0.326171875 0.333984375 0.0634765625 0.009765625
4 0.435546875 0.4599609375 0.2392578125 0.021484375
