4 0.55859375 0.6015625 0.0419921875 0.0517578125
4 0.4033203125 0.48046875 0.0234375 0.0703125
4 0.572265625 0.4970703125 0.01953125 0.04296875
4 0.1572265625 0.705078125 0.0146484375 0.0224609375
4 0.15625 0.662109375 0.015625 0.0263671875
4 0.197265625 0.4658203125 0.0390625 0.03125
4 0.15625 0.7529296875 0.01171875 0.025390625
4 0.576171875 0.7060546875 0.013671875 0.0205078125
4 0.5615234375 0.806640625 0.0380859375 0.02734375
4 0.169921875 0.5771484375 0.041015625 0.0498046875
4 0.1708984375 0.505859375 0.044921875 0.060546875
