4 0.19921875 0.6533203125 0.068359375 0.109375
4 0.3359375 0.302734375 0.12109375 0.05859375
4 0.21484375 0.287109375 0.07421875 0.02734375
4 0.4833984375 0.455078125 0.0546875 0.029296875
4 0.8037109375 0.7705078125 0.0859375 0.0390625
4 0.6201171875 0.294921875 0.052734375 0.04296875
4 0.4287109375 0.689453125 0.05859375 0.03125
4 0.5234375 0.28125 0.0625 0.01953125
4 0.591796875 0.68359375 0.048828125 0.037109375
4 0.51953125 0.681640625 0.05859375 0.04296875
4 0.7236328125 0.27734375 0.01953125 0.013671875
4 0.8271484375 0.3125 0.02734375 0.0703125
4 0.7685546875 0.2763671875 0.017578125 0.01171875
4 0.8310546875 0.5068359375 0.02734375 0.017578125
4 0.67578125 0.69921875 0.02734375 0.015625
4 0.4248046875 0.611328125 0.06640625 0.10546875
4 0.720703125 0.6982421875 0.0234375 0.013671875
4 0.765625 0.69921875 0.0234375 0.01171875
4 0.40625 0.701171875 0.02734375 0.013671875
4 0.4697265625 0.6591796875 0.05078125 0.08984375
4 0.4013671875 0.6845703125 0.033203125 0.0390625
4 0.458984375 0.3525390625 0.0078125 0.015625
4 0.4541015625 0.27734375 0.03125 0.01171875
