4 0.3857421875 0.458984375 0.0556640625 0.03515625
4 0.5673828125 0.53515625 0.0400390625 0.15234375
4 0.572265625 0.501953125 0.0185546875 0.0478515625
4 0.5625 0.4267578125 0.0458984375 0.064453125
4 0.154296875 0.6640625 0.015625 0.0244140625
4 0.1552734375 0.708984375 0.0146484375 0.0224609375
4 0.578125 0.708984375 0.0126953125 0.0205078125
4 0.521484375 0.47265625 0.09375 0.0380859375
4 0.1875 0.4658203125 0.076171875 0.041015625
4 0.44140625 0.578125 0.009765625 0.0185546875
4 0.16796875 0.58203125 0.041015625 0.0498046875
4 0.154296875 0.755859375 0.01171875 0.025390625
