4 0.6064453125 0.7919921875 0.0322265625 0.04296875
4 0.38671875 0.8095703125 0.0166015625 0.015625
4 0.591796875 0.5859375 0.068359375 0.087890625
4 0.3623046875 0.41796875 0.076171875 0.0673828125
4 0.62109375 0.451171875 0.0234375 0.02734375
4 0.345703125 0.556640625 0.021484375 0.02734375
4 0.52734375 0.78515625 0.025390625 0.0419921875
4 0.626953125 0.4033203125 0.021484375 0.0419921875
4 0.5625 0.5546875 0.02734375 0.01171875
4 0.513671875 0.5205078125 0.0283203125 0.0244140625
4 0.337890625 0.4755859375 0.0185546875 0.0126953125
4 0.623046875 0.490234375 0.0244140625 0.0400390625
