4 0.55859375 0.3984375 0.04296875 0.05078125
4 0.4033203125 0.51953125 0.0234375 0.0703125
4 0.572265625 0.5029296875 0.01953125 0.04296875
4 0.1572265625 0.294921875 0.015625 0.0234375
4 0.15625 0.337890625 0.015625 0.02734375
4 0.197265625 0.5341796875 0.0390625 0.03125
4 0.15625 0.2470703125 0.01171875 0.025390625
4 0.576171875 0.2939453125 0.013671875 0.01953125
4 0.5615234375 0.193359375 0.0390625 0.02734375
4 0.169921875 0.4228515625 0.041015625 0.05078125
4 0.1708984375 0.494140625 0.044921875 0.060546875
