4 0.55859375 0.603515625 0.0419921875 0.0517578125
4 0.572265625 0.494140625 0.0185546875 0.03515625
4 0.1689453125 0.578125 0.0400390625 0.0498046875
4 0.154296875 0.6640625 0.015625 0.025390625
4 0.5537109375 0.34375 0.0517578125 0.060546875
4 0.578125 0.7099609375 0.013671875 0.0234375
4 0.1552734375 0.708984375 0.0146484375 0.0234375
4 0.1923828125 0.3486328125 0.0400390625 0.0537109375
4 0.201171875 0.3955078125 0.111328125 0.1533203125
4 0.16796875 0.5068359375 0.044921875 0.0625
4 0.154296875 0.7548828125 0.01171875 0.025390625
4 0.193359375 0.486328125 0.091796875 0.1103515625
