4 0.3125 0.3466796875 0.07421875 0.1328125
4 0.65625 0.2607421875 0.1015625 0.13671875
4 0.294921875 0.6220703125 0.04296875 0.052734375
4 0.283203125 0.2275390625 0.0234375 0.06640625
4 0.310546875 0.8271484375 0.068359375 0.03125
4 0.673828125 0.37890625 0.064453125 0.0859375
4 0.28125 0.5244140625 0.01953125 0.0625
4 0.681640625 0.51953125 0.046875 0.0625
4 0.27734375 0.724609375 0.01171875 0.01953125
4 0.68359375 0.591796875 0.0390625 0.048828125
4 0.6982421875 0.7216796875 0.015625 0.0234375
4 0.6162109375 0.42578125 0.0859375 0.0625
4 0.6982421875 0.67578125 0.015625 0.025390625
4 0.681640625 0.501953125 0.037109375 0.0234375
4 0.69921875 0.7666015625 0.01171875 0.0234375
4 0.6796875 0.466796875 0.05078125 0.03125
4 0.64453125 0.21875 0.03125 0.03515625
4 0.7001953125 0.40625 0.015625 0.02734375
4 0.2763671875 0.7470703125 0.013671875 0.076171875
4 0.275390625 0.6796875 0.009765625 0.015625
4 0.6162109375 0.6328125 0.1796875 0.02734375
4 0.6181640625 0.2138671875 0.03125 0.044921875
4 0.568359375 0.22265625 0.291015625 0.033203125
4 0.69140625 0.6435546875 0.0234375 0.009765625
