4 0.6982421875 0.6640625 0.05859375 0.119140625
4 0.30078125 0.2763671875 0.013671875 0.0234375
4 0.30078125 0.322265625 0.015625 0.0234375
4 0.701171875 0.8310546875 0.05078125 0.140625
4 0.2998046875 0.2314453125 0.01171875 0.0234375
4 0.326171875 0.62109375 0.064453125 0.08984375
4 0.72265625 0.2724609375 0.013671875 0.0234375
4 0.3154296875 0.47265625 0.046875 0.08203125
4 0.724609375 0.3173828125 0.009765625 0.017578125
4 0.7275390625 0.2275390625 0.0078125 0.017578125
4 0.724609375 0.3525390625 0.0078125 0.021484375
4 0.2978515625 0.3486328125 0.0078125 0.01171875
4 0.298828125 0.5927734375 0.015625 0.025390625
4 0.71875 0.4716796875 0.01953125 0.068359375
4 0.3076171875 0.90234375 0.03515625 0.03515625
4 0.3583984375 0.373046875 0.015625 0.009765625
4 0.310546875 0.353515625 0.02734375 0.01171875
4 0.3212890625 0.8486328125 0.05859375 0.09375
4 0.3154296875 0.494140625 0.03125 0.015625
4 0.4189453125 0.3642578125 0.05078125 0.017578125
