4 0.6875 0.3466796875 0.07421875 0.1318359375
4 0.34375 0.2607421875 0.1025390625 0.1376953125
4 0.705078125 0.6220703125 0.04296875 0.052734375
4 0.716796875 0.2275390625 0.0224609375 0.06640625
4 0.689453125 0.8271484375 0.068359375 0.0302734375
4 0.326171875 0.37890625 0.064453125 0.0849609375
4 0.71875 0.5244140625 0.01953125 0.0634765625
4 0.318359375 0.51953125 0.0478515625 0.0634765625
4 0.72265625 0.724609375 0.0126953125 0.0205078125
4 0.31640625 0.591796875 0.0380859375 0.048828125
4 0.3017578125 0.7216796875 0.0146484375 0.0244140625
4 0.3837890625 0.42578125 0.0869140625 0.0625
4 0.3017578125 0.67578125 0.0146484375 0.025390625
4 0.318359375 0.501953125 0.037109375 0.0224609375
4 0.30078125 0.7666015625 0.01171875 0.0244140625
4 0.3203125 0.466796875 0.05078125 0.0322265625
4 0.35546875 0.21875 0.0302734375 0.0361328125
4 0.2998046875 0.40625 0.0146484375 0.0263671875
4 0.7236328125 0.7470703125 0.013671875 0.076171875
4 0.724609375 0.6796875 0.009765625 0.0166015625
4 0.3837890625 0.6328125 0.1806640625 0.0283203125
4 0.3818359375 0.2138671875 0.0302734375 0.044921875
4 0.431640625 0.22265625 0.291015625 0.033203125
4 0.30859375 0.6435546875 0.0224609375 0.009765625
