4 0.3994140625 0.4609375 0.03125 0.033203125
4 0.55859375 0.6015625 0.04296875 0.05078125
4 0.5126953125 0.32421875 0.091796875 0.1083984375
4 0.2998046875 0.498046875 0.04296875 0.041015625
4 0.193359375 0.349609375 0.0390625 0.0576171875
4 0.1650390625 0.28515625 0.0419921875 0.0537109375
4 0.572265625 0.501953125 0.01953125 0.05078125
4 0.15625 0.70703125 0.0146484375 0.0224609375
4 0.1552734375 0.662109375 0.0146484375 0.025390625
4 0.5771484375 0.70703125 0.013671875 0.021484375
4 0.154296875 0.75390625 0.01171875 0.0244140625
4 0.521484375 0.41015625 0.1015625 0.0888671875
4 0.16796875 0.5791015625 0.041015625 0.048828125
4 0.1708984375 0.505859375 0.0419921875 0.0576171875
4 0.5712890625 0.5703125 0.0283203125 0.0693359375
