4 0.6630859375 0.302734375 0.119140625 0.05859375
4 0.830078125 0.298828125 0.14453125 0.05078125
4 0.2763671875 0.6982421875 0.0234375 0.015625
4 0.322265625 0.69921875 0.0234375 0.013671875
4 0.4765625 0.68359375 0.0703125 0.046875
4 0.6220703125 0.673828125 0.087890625 0.064453125
4 0.232421875 0.7001953125 0.0234375 0.01171875
4 0.2734375 0.27734375 0.0234375 0.013671875
4 0.404296875 0.6865234375 0.046875 0.037109375
4 0.3798828125 0.294921875 0.046875 0.04296875
4 0.318359375 0.275390625 0.015625 0.009765625
4 0.849609375 0.677734375 0.08203125 0.0546875
4 0.2265625 0.2724609375 0.01953125 0.0078125
4 0.470703125 0.28125 0.0703125 0.01953125
4 0.9091796875 0.689453125 0.05078125 0.04296875
4 0.353515625 0.69140625 0.01171875 0.0234375
4 0.3515625 0.7021484375 0.01171875 0.0078125
4 0.7138671875 0.673828125 0.0859375 0.06640625
4 0.365234375 0.5849609375 0.01953125 0.064453125
4 0.5927734375 0.701171875 0.025390625 0.015625
