4 0.69921875 0.662109375 0.060546875 0.125
4 0.30078125 0.2763671875 0.013671875 0.0234375
4 0.30078125 0.3232421875 0.015625 0.0234375
4 0.326171875 0.6240234375 0.0625 0.0859375
4 0.2998046875 0.2314453125 0.01171875 0.0234375
4 0.705078125 0.8125 0.04296875 0.095703125
4 0.31640625 0.462890625 0.046875 0.107421875
4 0.72265625 0.2734375 0.01171875 0.0234375
4 0.724609375 0.318359375 0.009765625 0.017578125
4 0.3212890625 0.5322265625 0.0546875 0.0234375
4 0.705078125 0.37890625 0.04296875 0.05078125
4 0.7275390625 0.2275390625 0.0078125 0.01953125
4 0.720703125 0.4736328125 0.01953125 0.06640625
4 0.3095703125 0.3544921875 0.02734375 0.01171875
4 0.296875 0.3505859375 0.0078125 0.013671875
4 0.31640625 0.49609375 0.03515625 0.01953125
4 0.337890625 0.8388671875 0.09375 0.046875
