4 0.30078125 0.7236328125 0.0146484375 0.0244140625
4 0.30078125 0.677734375 0.0146484375 0.025390625
4 0.328125 0.380859375 0.0654296875 0.08984375
4 0.31640625 0.521484375 0.0439453125 0.0654296875
4 0.6982421875 0.3369140625 0.0576171875 0.12109375
4 0.2998046875 0.7685546875 0.01171875 0.0224609375
4 0.3134765625 0.6005859375 0.0400390625 0.0595703125
4 0.72265625 0.7275390625 0.013671875 0.0234375
4 0.701171875 0.177734375 0.0478515625 0.1083984375
4 0.724609375 0.6826171875 0.009765625 0.0166015625
4 0.724609375 0.6474609375 0.0087890625 0.0205078125
4 0.7275390625 0.7734375 0.0078125 0.0185546875
4 0.2978515625 0.650390625 0.0068359375 0.0126953125
4 0.7197265625 0.525390625 0.0205078125 0.064453125
4 0.37890625 0.1767578125 0.0322265625 0.1064453125
4 0.298828125 0.4072265625 0.0166015625 0.0263671875
4 0.3681640625 0.615234375 0.1494140625 0.111328125
