4 0.3466796875 0.80078125 0.109375 0.068359375
4 0.697265625 0.6640625 0.05859375 0.12109375
4 0.712890625 0.78515625 0.02734375 0.07421875
4 0.544921875 0.5166015625 0.029296875 0.0546875
4 0.2294921875 0.1962890625 0.041015625 0.0859375
4 0.705078125 0.3798828125 0.04296875 0.052734375
4 0.310546875 0.5712890625 0.03125 0.05859375
4 0.71875 0.4765625 0.01953125 0.0625
4 0.31640625 0.408203125 0.037109375 0.048828125
4 0.318359375 0.48046875 0.04296875 0.05859375
4 0.72265625 0.2763671875 0.013671875 0.021484375
4 0.6875 0.1728515625 0.0703125 0.02734375
4 0.7236328125 0.2314453125 0.01171875 0.017578125
4 0.4931640625 0.1689453125 0.017578125 0.02734375
4 0.30078125 0.32421875 0.015625 0.02734375
4 0.388671875 0.5751953125 0.10546875 0.06640625
4 0.3017578125 0.279296875 0.013671875 0.0234375
4 0.30078125 0.234375 0.01171875 0.0234375
4 0.298828125 0.59375 0.013671875 0.02734375
4 0.3408203125 0.5302734375 0.08984375 0.05078125
4 0.3154296875 0.5986328125 0.0390625 0.033203125
4 0.6474609375 0.541015625 0.015625 0.0078125
4 0.72265625 0.5458984375 0.01171875 0.03125
