4 0.62109375 0.328125 0.0859375 0.06640625
4 0.6640625 0.697265625 0.125 0.05859375
4 0.48046875 0.3173828125 0.0625 0.04296875
4 0.2802734375 0.302734375 0.0234375 0.013671875
4 0.326171875 0.3017578125 0.02734375 0.015625
4 0.234375 0.30078125 0.02734375 0.01171875
4 0.80078125 0.708984375 0.08203125 0.03515625
4 0.2783203125 0.7216796875 0.01953125 0.013671875
4 0.408203125 0.31640625 0.046875 0.0390625
4 0.37890625 0.7041015625 0.0546875 0.04296875
4 0.322265625 0.72265625 0.015625 0.009765625
4 0.5341796875 0.3330078125 0.0234375 0.068359375
4 0.3525390625 0.2998046875 0.01171875 0.0078125
4 0.23046875 0.724609375 0.015625 0.0078125
4 0.59375 0.30078125 0.025390625 0.015625
4 0.4765625 0.7177734375 0.06640625 0.01953125
4 0.8046875 0.37890625 0.07421875 0.033203125
4 0.369140625 0.3984375 0.03125 0.205078125
4 0.666015625 0.326171875 0.009765625 0.0625
4 0.5400390625 0.435546875 0.021484375 0.23828125
