4 0.6982421875 0.3359375 0.05859375 0.12109375
4 0.30078125 0.7236328125 0.015625 0.0234375
4 0.30078125 0.677734375 0.015625 0.0234375
4 0.2998046875 0.7685546875 0.01171875 0.0234375
4 0.701171875 0.171875 0.05078125 0.1328125
4 0.31640625 0.521484375 0.046875 0.068359375
4 0.326171875 0.376953125 0.064453125 0.0859375
4 0.72265625 0.7275390625 0.013671875 0.0234375
4 0.724609375 0.6826171875 0.01171875 0.015625
4 0.3134765625 0.595703125 0.037109375 0.046875
4 0.7275390625 0.7724609375 0.0078125 0.017578125
4 0.724609375 0.646484375 0.009765625 0.0234375
4 0.296875 0.650390625 0.0078125 0.01171875
4 0.7197265625 0.5263671875 0.01953125 0.06640625
4 0.298828125 0.4072265625 0.015625 0.02734375
4 0.30859375 0.646484375 0.0234375 0.01171875
4 0.357421875 0.626953125 0.017578125 0.0078125
4 0.322265625 0.1591796875 0.0625 0.08203125
4 0.2451171875 0.578125 0.0078125 0.015625
4 0.41796875 0.6357421875 0.0546875 0.017578125
