4 0.697265625 0.6640625 0.05859375 0.12109375
4 0.302734375 0.2802734375 0.013671875 0.0234375
4 0.3173828125 0.48046875 0.04296875 0.064453125
4 0.3017578125 0.326171875 0.015625 0.02734375
4 0.708984375 0.8017578125 0.03515625 0.078125
4 0.30078125 0.234375 0.01171875 0.025390625
4 0.7216796875 0.2783203125 0.013671875 0.01953125
4 0.34375 0.7548828125 0.103515625 0.1796875
4 0.7041015625 0.37890625 0.04296875 0.0546875
4 0.72265625 0.322265625 0.009765625 0.015625
4 0.298828125 0.3525390625 0.0078125 0.013671875
4 0.724609375 0.2314453125 0.0078125 0.017578125
4 0.318359375 0.4111328125 0.03515625 0.044921875
4 0.30078125 0.59375 0.015625 0.025390625
4 0.7177734375 0.474609375 0.01953125 0.068359375
4 0.3359375 0.5341796875 0.07421875 0.0234375
4 0.4365234375 0.3759765625 0.23046875 0.0390625
4 0.3408203125 0.62109375 0.09375 0.09375
