4 0.3466796875 0.19921875 0.1103515625 0.068359375
4 0.697265625 0.3359375 0.0576171875 0.1220703125
4 0.712890625 0.21484375 0.0283203125 0.07421875
4 0.544921875 0.4833984375 0.029296875 0.0537109375
4 0.2294921875 0.8037109375 0.0400390625 0.0859375
4 0.705078125 0.6201171875 0.0419921875 0.052734375
4 0.310546875 0.4287109375 0.0302734375 0.0576171875
4 0.71875 0.5234375 0.01953125 0.0615234375
4 0.31640625 0.591796875 0.037109375 0.048828125
4 0.318359375 0.51953125 0.04296875 0.05859375
4 0.72265625 0.7236328125 0.013671875 0.0205078125
4 0.6875 0.8271484375 0.0712890625 0.0283203125
4 0.7236328125 0.7685546875 0.01171875 0.017578125
4 0.4931640625 0.8310546875 0.017578125 0.02734375
4 0.30078125 0.67578125 0.0146484375 0.02734375
4 0.388671875 0.4248046875 0.10546875 0.0654296875
4 0.3017578125 0.720703125 0.013671875 0.0234375
4 0.30078125 0.765625 0.01171875 0.0234375
4 0.298828125 0.40625 0.013671875 0.0263671875
4 0.3408203125 0.4697265625 0.0888671875 0.0498046875
4 0.3154296875 0.4013671875 0.0400390625 0.033203125
4 0.6474609375 0.458984375 0.015625 0.0078125
4 0.72265625 0.4541015625 0.0107421875 0.0322265625
