4 0.44140625 0.6015625 0.04296875 0.05078125
4 0.5966796875 0.48046875 0.0234375 0.0703125
4 0.427734375 0.4970703125 0.01953125 0.04296875
4 0.8427734375 0.705078125 0.015625 0.0234375
4 0.84375 0.662109375 0.015625 0.02734375
4 0.802734375 0.4658203125 0.0390625 0.03125
4 0.84375 0.7529296875 0.01171875 0.025390625
4 0.423828125 0.7060546875 0.013671875 0.01953125
4 0.4384765625 0.806640625 0.0390625 0.02734375
4 0.830078125 0.5771484375 0.041015625 0.05078125
4 0.8291015625 0.505859375 0.044921875 0.060546875
