4 0.7685546875 0.279296875 0.03125 0.01953125
4 0.4794921875 0.453125 0.044921875 0.0234375
4 0.62109375 0.294921875 0.05078125 0.04296875
4 0.349609375 0.337890625 0.09765625 0.083984375
4 0.5234375 0.28125 0.0625 0.01953125
4 0.037109375 0.609375 0.03125 0.017578125
4 0.4248046875 0.3046875 0.09765625 0.0546875
4 0.052734375 0.296875 0.0703125 0.04296875
4 0.72265625 0.2783203125 0.01953125 0.01171875
4 0.4248046875 0.61328125 0.056640625 0.083984375
4 0.1357421875 0.298828125 0.228515625 0.05859375
4 0.591796875 0.68359375 0.046875 0.037109375
4 0.501953125 0.685546875 0.021484375 0.03125
4 0.3603515625 0.6572265625 0.05078125 0.03515625
4 0.765625 0.69921875 0.025390625 0.01171875
4 0.822265625 0.314453125 0.04296875 0.078125
4 0.4296875 0.681640625 0.072265625 0.05078125
4 0.173828125 0.67578125 0.08984375 0.06640625
4 0.1728515625 0.345703125 0.10546875 0.095703125
4 0.26953125 0.6630859375 0.1171875 0.08203125
4 0.5126953125 0.322265625 0.123046875 0.01953125
4 0.51953125 0.681640625 0.05859375 0.041015625
4 0.40625 0.701171875 0.0234375 0.015625
4 0.7197265625 0.6982421875 0.0234375 0.015625
