4 0.578125 0.7099609375 0.013671875 0.0234375
4 0.16796875 0.5810546875 0.0419921875 0.048828125
4 0.1552734375 0.7080078125 0.0146484375 0.0234375
4 0.154296875 0.6640625 0.015625 0.025390625
4 0.154296875 0.7548828125 0.01171875 0.0244140625
4 0.1708984375 0.5068359375 0.0390625 0.0576171875
4 0.177734375 0.35546875 0.064453125 0.0673828125
4 0.560546875 0.603515625 0.0439453125 0.0498046875
4 0.572265625 0.4951171875 0.01953125 0.037109375
4 0.58203125 0.755859375 0.0068359375 0.017578125
4 0.2158203125 0.447265625 0.1318359375 0.03515625
4 0.5537109375 0.34375 0.0517578125 0.060546875
4 0.150390625 0.63671875 0.0087890625 0.0126953125
4 0.1591796875 0.4599609375 0.025390625 0.0146484375
4 0.2294921875 0.59765625 0.154296875 0.0859375
4 0.1533203125 0.3916015625 0.015625 0.02734375
4 0.578125 0.4375 0.01171875 0.0341796875
4 0.5791015625 0.654296875 0.009765625 0.0224609375
4 0.40234375 0.6162109375 0.021484375 0.0078125
