4 0.7236328125 0.30078125 0.0234375 0.015625
4 0.677734375 0.30078125 0.025390625 0.015625
4 0.3369140625 0.69921875 0.12890625 0.060546875
4 0.279296875 0.3408203125 0.10546875 0.09765625
4 0.521484375 0.3154296875 0.0703125 0.044921875
4 0.76953125 0.2998046875 0.0234375 0.01171875
4 0.728515625 0.724609375 0.0234375 0.013671875
4 0.595703125 0.3134765625 0.046875 0.0390625
4 0.4697265625 0.326171875 0.0234375 0.06640625
4 0.6826171875 0.7255859375 0.015625 0.009765625
4 0.6474609375 0.7265625 0.021484375 0.0078125
4 0.775390625 0.728515625 0.01953125 0.0078125
4 0.650390625 0.296875 0.01171875 0.0078125
4 0.6474609375 0.310546875 0.01171875 0.02734375
4 0.525390625 0.720703125 0.06640625 0.021484375
4 0.40625 0.298828125 0.02734375 0.015625
4 0.6279296875 0.357421875 0.009765625 0.015625
4 0.53125 0.482421875 0.0390625 0.04296875
4 0.6357421875 0.416015625 0.01953125 0.0546875
4 0.3056640625 0.3046875 0.033203125 0.025390625
4 0.2412109375 0.724609375 0.03125 0.015625
4 0.4599609375 0.6474609375 0.0078125 0.015625
4 0.6328125 0.55078125 0.0078125 0.0234375
