4 0.44140625 0.396484375 0.04296875 0.05078125
4 0.427734375 0.505859375 0.01953125 0.03515625
4 0.8310546875 0.421875 0.0390625 0.05078125
4 0.845703125 0.3359375 0.015625 0.025390625
4 0.4462890625 0.65625 0.05078125 0.060546875
4 0.421875 0.2900390625 0.013671875 0.0234375
4 0.8447265625 0.291015625 0.015625 0.0234375
4 0.8076171875 0.6513671875 0.0390625 0.0546875
4 0.798828125 0.6044921875 0.111328125 0.15234375
4 0.83203125 0.4931640625 0.044921875 0.0625
4 0.845703125 0.2451171875 0.01171875 0.025390625
4 0.806640625 0.513671875 0.091796875 0.111328125
