4 0.697265625 0.3369140625 0.05859375 0.119140625
4 0.701171875 0.169921875 0.0498046875 0.1435546875
4 0.3017578125 0.7236328125 0.0146484375 0.0234375
4 0.30078125 0.677734375 0.013671875 0.0244140625
4 0.31640625 0.5234375 0.046875 0.0703125
4 0.326171875 0.3779296875 0.064453125 0.087890625
4 0.2998046875 0.767578125 0.01171875 0.0224609375
4 0.72265625 0.7265625 0.013671875 0.0224609375
4 0.3134765625 0.595703125 0.037109375 0.0458984375
4 0.705078125 0.6201171875 0.04296875 0.0478515625
4 0.724609375 0.681640625 0.009765625 0.0166015625
4 0.322265625 0.150390625 0.0556640625 0.08203125
4 0.7275390625 0.7734375 0.0078125 0.0185546875
4 0.71875 0.529296875 0.0205078125 0.0712890625
4 0.310546875 0.0908203125 0.0419921875 0.0517578125
4 0.30859375 0.646484375 0.0234375 0.0107421875
4 0.2978515625 0.6484375 0.0078125 0.01171875
4 0.326171875 0.2861328125 0.0654296875 0.0859375
4 0.4150390625 0.634765625 0.064453125 0.01953125
4 0.298828125 0.4072265625 0.0166015625 0.025390625
