4 0.650390625 0.578125 0.30078125 0.146484375
4 0.4091796875 0.75 0.798828125 0.2109375
4 0.556640625 0.4609375 0.294921875 0.15234375
4 0.32421875 0.708984375 0.234375 0.09765625
4 0.744140625 0.7001953125 0.146484375 0.0625
4 0.533203125 0.337890625 0.4765625 0.107421875
4 0.69921875 0.37890625 0.1796875 0.18359375
4 0.115234375 0.490234375 0.181640625 0.134765625
4 0.15625 0.78515625 0.28125 0.103515625
4 0.48046875 0.5146484375 0.12109375 0.05859375
4 0.1611328125 0.3583984375 0.263671875 0.140625
4 0.3623046875 0.439453125 0.169921875 0.095703125
4 0.294921875 0.798828125 0.244140625 0.09375
