4 0.55859375 0.3974609375 0.041015625 0.05078125
4 0.572265625 0.50390625 0.01953125 0.0390625
4 0.1943359375 0.6513671875 0.0390625 0.0546875
4 0.154296875 0.3369140625 0.015625 0.025390625
4 0.1591796875 0.7021484375 0.03125 0.041015625
4 0.1552734375 0.2919921875 0.015625 0.0234375
4 0.55078125 0.669921875 0.056640625 0.08984375
4 0.578125 0.291015625 0.013671875 0.0234375
4 0.16796875 0.419921875 0.041015625 0.05078125
4 0.318359375 0.4658203125 0.064453125 0.025390625
4 0.169921875 0.494140625 0.046875 0.0625
4 0.4736328125 0.6689453125 0.0859375 0.06640625
4 0.349609375 0.5205078125 0.1328125 0.08203125
4 0.154296875 0.2451171875 0.01171875 0.0234375
4 0.537109375 0.5927734375 0.0703125 0.07421875
