4 0.15625 0.7080078125 0.015625 0.0234375
4 0.154296875 0.7548828125 0.01171875 0.0234375
4 0.578125 0.70703125 0.01171875 0.021484375
4 0.154296875 0.6630859375 0.015625 0.025390625
4 0.1689453125 0.58203125 0.04296875 0.05078125
4 0.580078125 0.6640625 0.01171875 0.015625
4 0.58203125 0.7548828125 0.0078125 0.017578125
4 0.5595703125 0.6015625 0.0390625 0.05078125
4 0.1669921875 0.521484375 0.0390625 0.03125
4 0.580078125 0.62890625 0.009765625 0.0234375
4 0.1513671875 0.6357421875 0.0078125 0.01171875
4 0.44140625 0.6181640625 0.1328125 0.01953125
4 0.2880859375 0.615234375 0.0234375 0.01171875
4 0.578125 0.8310546875 0.013671875 0.0078125
