4 0.5029296875 0.478515625 0.0859375 0.0625
4 0.37890625 0.294921875 0.052734375 0.04296875
4 0.658203125 0.330078125 0.111328125 0.080078125
4 0.3505859375 0.392578125 0.04296875 0.052734375
4 0.54296875 0.310546875 0.138671875 0.0703125
4 0.3994140625 0.28125 0.033203125 0.017578125
4 0.9375 0.291015625 0.052734375 0.033203125
4 0.8466796875 0.345703125 0.111328125 0.12109375
4 0.27734375 0.2783203125 0.01953125 0.01171875
4 0.498046875 0.6865234375 0.01953125 0.02734375
4 0.408203125 0.68359375 0.048828125 0.037109375
4 0.572265625 0.6103515625 0.06640625 0.09375
4 0.8251953125 0.67578125 0.091796875 0.06640625
4 0.623046875 0.671875 0.0859375 0.0625
4 0.234375 0.69921875 0.025390625 0.01171875
4 0.73046875 0.666015625 0.1171875 0.08203125
4 0.48046875 0.681640625 0.05859375 0.0390625
4 0.5947265625 0.701171875 0.025390625 0.015625
4 0.533203125 0.66796875 0.025390625 0.0703125
4 0.3251953125 0.69921875 0.02734375 0.015625
4 0.2802734375 0.6982421875 0.0234375 0.013671875
4 0.724609375 0.302734375 0.0859375 0.046875
4 0.9267578125 0.669921875 0.08984375 0.078125
4 0.45703125 0.302734375 0.13671875 0.013671875
4 0.8994140625 0.6953125 0.029296875 0.025390625
