4 0.39453125 0.55859375 0.05078125 0.04296875
4 0.5302734375 0.40234375 0.052734375 0.021484375
4 0.60546875 0.5625 0.15234375 0.046875
4 0.6611328125 0.552734375 0.080078125 0.05859375
4 0.419921875 0.16796875 0.05078125 0.041015625
4 0.3349609375 0.154296875 0.025390625 0.015625
4 0.6494140625 0.193359375 0.0546875 0.0390625
4 0.291015625 0.1552734375 0.0234375 0.015625
4 0.2890625 0.578125 0.0234375 0.01171875
4 0.2431640625 0.154296875 0.025390625 0.01171875
4 0.53125 0.193359375 0.046875 0.07421875
4 0.4921875 0.169921875 0.06640625 0.046875
4 0.6943359375 0.150390625 0.017578125 0.013671875
4 0.58984375 0.2373046875 0.060546875 0.08203125
4 0.3349609375 0.5791015625 0.015625 0.009765625
