4 0.69921875 0.337890625 0.060546875 0.1240234375
4 0.30078125 0.7236328125 0.013671875 0.0234375
4 0.30078125 0.6767578125 0.0146484375 0.0244140625
4 0.326171875 0.3759765625 0.0634765625 0.0859375
4 0.2998046875 0.7685546875 0.01171875 0.0224609375
4 0.705078125 0.1875 0.0439453125 0.095703125
4 0.31640625 0.537109375 0.046875 0.107421875
4 0.72265625 0.7265625 0.0126953125 0.0224609375
4 0.724609375 0.681640625 0.009765625 0.0166015625
4 0.3212890625 0.4677734375 0.0556640625 0.0224609375
4 0.705078125 0.62109375 0.04296875 0.05078125
4 0.7275390625 0.7724609375 0.0078125 0.0185546875
4 0.720703125 0.5263671875 0.0205078125 0.06640625
4 0.3095703125 0.6455078125 0.0263671875 0.01171875
4 0.296875 0.6494140625 0.0078125 0.013671875
4 0.31640625 0.50390625 0.0341796875 0.0205078125
4 0.337890625 0.1611328125 0.09375 0.046875
