4 0.39453125 0.44140625 0.05078125 0.04296875
4 0.5302734375 0.59765625 0.052734375 0.021484375
4 0.60546875 0.4375 0.15234375 0.046875
4 0.6611328125 0.447265625 0.080078125 0.05859375
4 0.419921875 0.83203125 0.05078125 0.041015625
4 0.3349609375 0.845703125 0.025390625 0.015625
4 0.6494140625 0.806640625 0.0546875 0.0390625
4 0.291015625 0.8447265625 0.0234375 0.015625
4 0.2890625 0.421875 0.0234375 0.01171875
4 0.2431640625 0.845703125 0.025390625 0.01171875
4 0.53125 0.806640625 0.046875 0.07421875
4 0.4921875 0.830078125 0.06640625 0.046875
4 0.6943359375 0.849609375 0.017578125 0.013671875
4 0.58984375 0.7626953125 0.060546875 0.08203125
4 0.3349609375 0.4208984375 0.015625 0.009765625
