4 0.3017578125 0.3359375 0.05859375 0.119140625
4 0.69921875 0.7236328125 0.013671875 0.0234375
4 0.69921875 0.677734375 0.015625 0.0234375
4 0.298828125 0.1689453125 0.05078125 0.140625
4 0.7001953125 0.7685546875 0.01171875 0.0234375
4 0.673828125 0.37890625 0.064453125 0.08984375
4 0.27734375 0.7275390625 0.013671875 0.0234375
4 0.6845703125 0.52734375 0.046875 0.08203125
4 0.275390625 0.6826171875 0.009765625 0.015625
4 0.2724609375 0.7724609375 0.0078125 0.017578125
4 0.275390625 0.6474609375 0.0078125 0.021484375
4 0.7021484375 0.6513671875 0.0078125 0.01171875
4 0.701171875 0.4072265625 0.015625 0.025390625
4 0.28125 0.5283203125 0.01953125 0.068359375
4 0.6923828125 0.09765625 0.03515625 0.03515625
4 0.6416015625 0.626953125 0.015625 0.009765625
4 0.689453125 0.646484375 0.02734375 0.01171875
4 0.6787109375 0.1513671875 0.05859375 0.09375
4 0.6845703125 0.505859375 0.03125 0.015625
4 0.5810546875 0.6357421875 0.05078125 0.017578125
