4 0.541015625 0.3857421875 0.03515625 0.0546875
4 0.46484375 0.5673828125 0.15234375 0.0390625
4 0.498046875 0.572265625 0.046875 0.01953125
4 0.5732421875 0.5625 0.064453125 0.046875
4 0.3359375 0.154296875 0.0234375 0.015625
4 0.291015625 0.1552734375 0.0234375 0.015625
4 0.291015625 0.578125 0.01953125 0.01171875
4 0.52734375 0.521484375 0.0390625 0.09375
4 0.5341796875 0.1875 0.041015625 0.076171875
4 0.421875 0.44140625 0.01953125 0.009765625
4 0.41796875 0.16796875 0.05078125 0.041015625
4 0.244140625 0.154296875 0.025390625 0.01171875
