4 0.3359375 0.6982421875 0.12109375 0.05859375
4 0.7236328125 0.30078125 0.0234375 0.015625
4 0.677734375 0.30078125 0.0234375 0.015625
4 0.7685546875 0.2998046875 0.0234375 0.01171875
4 0.171875 0.701171875 0.1328125 0.05078125
4 0.521484375 0.31640625 0.068359375 0.046875
4 0.376953125 0.326171875 0.0859375 0.064453125
4 0.7275390625 0.72265625 0.0234375 0.013671875
4 0.6826171875 0.724609375 0.015625 0.01171875
4 0.595703125 0.3134765625 0.046875 0.037109375
4 0.7724609375 0.7275390625 0.017578125 0.0078125
4 0.646484375 0.724609375 0.0234375 0.009765625
4 0.650390625 0.296875 0.01171875 0.0078125
4 0.5263671875 0.7197265625 0.06640625 0.01953125
4 0.4072265625 0.298828125 0.02734375 0.015625
4 0.646484375 0.30859375 0.01171875 0.0234375
4 0.626953125 0.357421875 0.0078125 0.017578125
4 0.1591796875 0.322265625 0.08203125 0.0625
4 0.578125 0.2451171875 0.015625 0.0078125
4 0.6357421875 0.41796875 0.017578125 0.0546875
