4 0.3359375 0.302734375 0.12109375 0.05859375
4 0.7197265625 0.697265625 0.0234375 0.013671875
4 0.51953125 0.6826171875 0.064453125 0.04296875
4 0.673828125 0.6982421875 0.02734375 0.015625
4 0.1982421875 0.291015625 0.078125 0.03515625
4 0.765625 0.69921875 0.025390625 0.01171875
4 0.7216796875 0.2783203125 0.01953125 0.013671875
4 0.2451171875 0.65625 0.1796875 0.103515625
4 0.62109375 0.2958984375 0.0546875 0.04296875
4 0.677734375 0.27734375 0.015625 0.009765625
4 0.6474609375 0.701171875 0.013671875 0.0078125
4 0.7685546875 0.275390625 0.017578125 0.0078125
4 0.5888671875 0.681640625 0.044921875 0.03515625
4 0.40625 0.69921875 0.025390625 0.015625
4 0.525390625 0.2822265625 0.068359375 0.01953125
4 0.4658203125 0.6640625 0.0234375 0.07421875
4 0.6240234375 0.5634765625 0.0390625 0.23046875
4 0.37890625 0.6591796875 0.09375 0.09375
