4 0.69921875 0.2763671875 0.015625 0.0234375
4 0.69921875 0.322265625 0.015625 0.025390625
4 0.671875 0.619140625 0.06640625 0.08984375
4 0.68359375 0.478515625 0.04296875 0.06640625
4 0.3017578125 0.6630859375 0.05859375 0.12109375
4 0.7001953125 0.2314453125 0.01171875 0.0234375
4 0.6865234375 0.3994140625 0.0390625 0.05859375
4 0.27734375 0.2724609375 0.013671875 0.0234375
4 0.298828125 0.822265625 0.046875 0.109375
4 0.275390625 0.3173828125 0.009765625 0.015625
4 0.275390625 0.3525390625 0.0078125 0.01953125
4 0.2724609375 0.2265625 0.0078125 0.01953125
4 0.7021484375 0.349609375 0.0078125 0.01171875
4 0.2802734375 0.474609375 0.01953125 0.064453125
4 0.62109375 0.8232421875 0.03125 0.10546875
4 0.701171875 0.5927734375 0.015625 0.02734375
4 0.6318359375 0.384765625 0.1484375 0.111328125
